# graphID numOfVertices numOfEdges k 
0 3
932 3
1 3
570 3
1620 3
2 3
2211 3
3909 3
3 3
4 3
6887 3
5 3
6 3
2337 3
2093 0
7 3
2050 0
6147 3
6152 3
2220 3
4109 3
7341 3
16 3
2065 3
5138 0
7190 3
1881 3
6171 3
30 3
31 3
4128 3
4129 3
5154 0
35 3
2086 3
7345 3
7208 3
348 3
9258 0
3115 3
4140 3
45 4
6192 3
7220 3
7221 3
7222 3
6199 3
57 3
9274 3
7227 3
60 3
6205 3
4158 3
7232 3
1089 3
9754 3
6216 3
6217 3
75 4
1101 3
3151 0
9296 3
9401 3
9305 3
3417 3
7259 3
93 3
98 0
6246 3
4113 3
104 3
3379 3
2154 0
1131 0
6823 0
7281 3
6259 3
2164 0
6263 3
123 3
9415 3
2177 3
2179 0
6276 3
133 3
6527 3
193 3
1162 3
8727 3
140 3
6286 3
6287 3
6550 3
6289 3
150 3
3892 3
196 3
4251 3
156 3
6301 3
162 3
2215 3
3241 3
9246 3
7367 3
172 3
173 3
2222 3
7343 3
9392 3
9393 3
178 3
3251 3
6324 3
6325 3
182 3
9399 3
6516 3
3103 0
7357 3
3670 3
6337 3
4098 3
4291 3
7364 3
198 3
3271 3
5320 3
2250 3
6347 3
2252 3
3278 3
207 3
9424 3
7377 3
3282 3
1235 3
8398 3
1241 3
7546 3
2270 3
7391 3
7394 3
3301 3
6374 3
3305 3
3306 3
6379 3
8431 3
6350 3
241 3
6386 3
1271 3
8442 3
6395 3
7420 3
7210 3
4350 3
4351 3
4352 3
2305 3
8450 3
2307 3
2311 3
9480 3
9481 3
9482 3
9483 3
6413 3
2318 3
8463 3
272 3
10190 0
8469 3
6590 3
9497 3
6753 3
1307 3
4381 3
286 3
3461 3
3360 3
3658 3
1317 3
9512 3
6441 3
2346 3
4999 3
3863 3
2440 3
8498 3
7475 3
6452 3
7477 3
2358 3
1195 4
7481 3
4410 3
8508 3
318 3
8757 3
320 3
4417 3
2370 3
2443 3
6421 3
8758 3
7494 3
7495 3
7496 3
4537 3
2379 3
6476 3
2381 3
335 3
337 3
3455 3
1364 3
4439 3
4444 3
7513 3
4443 3
1614 3
6494 3
8543 3
4450 3
1379 3
3428 3
6501 3
1383 3
2408 3
7228 3
3987 3
3442 3
3443 3
372 3
6517 3
6518 3
3447 3
2424 3
1274 3
2426 3
4477 3
6515 3
1407 3
2432 3
6532 3
389 3
390 3
2439 3
392 3
9610 3
395 3
8770 3
4495 3
4497 3
3475 3
4500 3
4501 3
8598 3
407 3
1653 3
3481 3
3482 3
239 3
6725 3
2465 3
419 3
3494 3
7409 3
3497 3
1450 3
3500 3
8946 3
6679 3
253 3
4532 3
3512 3
441 3
2492 3
445 3
446 3
4544 3
6594 3
4547 3
4548 3
4549 3
8646 3
4513 3
6391 3
3532 3
6605 3
4558 3
4559 3
8656 3
8657 3
8658 3
4563 3
8660 3
1493 3
8662 3
8663 3
8664 3
4570 3
3547 3
8668 3
8669 3
4575 3
2528 3
8443 3
4582 3
4584 3
1380 3
6634 3
3563 3
492 3
2541 3
1519 3
6398 3
502 3
8696 3
3577 3
2554 3
9471 3
3580 3
8701 3
2558 3
4586 3
1622 3
6662 3
257 3
6598 3
9644 3
3330 3
6670 3
3018 3
563 3
3603 3
6678 3
3607 3
4632 0
6681 3
8730 3
9818 3
7476 3
2356 3
2964 3
4601 3
1575 3
8746 3
3627 3
9394 3
3631 3
3326 3
8755 3
8756 3
1589 3
3638 3
3641 3
2618 3
8869 3
3647 3
8769 3
3650 3
581 3
582 3
9799 3
4045 3
2634 3
2636 3
8802 3
8782 3
1293 0
8786 3
8790 3
3513 3
8792 3
2650 3
2100 3
3681 3
3682 3
8804 3
1126 3
2662 3
9831 3
1642 3
2667 3
620 3
2669 3
8816 3
2677 3
631 3
1659 3
2687 3
642 3
3715 0
646 3
6794 3
3723 3
2700 3
1677 3
656 3
3734 0
1305 3
8856 3
1689 3
6810 3
1691 3
6813 3
1478 3
6822 3
2727 0
682 3
6828 3
3637 3
6832 3
2737 3
2514 3
2740 3
3766 0
2745 3
1725 3
2751 3
9920 3
1730 3
2679 3
4557 3
6868 3
974 3
6870 3
7397 3
1753 3
1754 3
4491 3
1757 3
6878 3
7905 3
6882 3
6885 3
6893 3
8944 3
2801 3
3826 0
7473 3
4560 3
6901 3
2345 3
3810 0
765 3
766 3
5888 3
9003 3
3542 3
1153 3
6928 3
3544 3
2838 3
8665 3
6938 3
1839 3
8666 3
1499 3
6949 3
2317 3
3880 3
1159 3
818 3
6958 3
1501 3
3888 3
6962 3
8499 3
6608 3
9015 3
308 3
9021 3
3904 3
1857 3
1861 0
3912 3
6284 3
3895 3
1868 3
6992 3
6993 3
1875 3
2901 3
9046 3
3897 3
1880 3
2905 3
6680 3
3932 3
3935 3
8037 0
2518 3
4412 3
1898 3
1899 3
5177 3
7021 3
3975 3
1903 3
1905 3
9270 3
7437 3
3969 3
6465 3
2952 3
9098 3
3982 3
2959 3
3985 3
8515 3
916 3
7371 3
3993 4
922 3
6639 3
924 3
1690 3
7070 3
4001 3
930 3
7076 3
4005 3
4006 3
2984 3
7083 3
4012 3
4020 3
949 0
3001 3
954 3
4028 3
3402 3
7102 3
3573 3
2521 3
331 3
4040 3
3017 3
4042 3
7115 3
9164 3
1997 3
4046 3
4502 3
7124 3
4053 3
8697 3
2010 3
7503 3
2556 3
6111 3
8455 3
1465 3
6114 3
2043 3
6120 3
4073 3
4075 3
6124 3
2029 3
4078 3
4091 3
4082 3
2035 3
3582 3
3996 0
7337 3
9547 3
6139 3
3068 0
7474 3
8 3
9 3
10 3
3511 3
11 3
12 3
13 3
7004 3
14 3
3263 3
15 3
9001 3
17 3
18 3
4137 3
6650 3
19 3
3244 3
20 3
2450 3
124 3
1145 3
21 3
3267 3
22 0
23 3
3612 3
6966 3
24 3
6888 3
25 3
26 3
27 3
28 3
2114 3
29 3
3952 3
3559 3
5183 0
2410 3
32 3
33 3
34 3
5872 3
9409 3
4341 3
6881 3
4063 3
36 3
37 3
38 2
7674 2
3189 2
4726 2
39 3
3457 3
40 3
41 3
42 3
43 3
44 3
3002 4
46 3
2749 3
47 3
48 3
49 3
50 3
8973 3
51 3
52 3
53 3
54 3
55 3
56 3
58 3
59 3
6505 3
61 0
5245 0
62 0
3175 0
761 0
2795 3
9089 0
63 3
499 3
64 3
2944 3
2455 3
65 3
66 3
67 3
68 3
69 3
2205 3
70 3
3529 3
71 3
72 3
73 3
3584 3
3901 3
74 3
3045 4
76 3
77 3
3469 3
78 3
79 3
80 3
81 3
82 3
9370 3
1676 3
83 3
1134 3
84 3
85 3
86 3
87 3
88 3
89 3
4057 3
90 3
91 3
92 3
571 0
94 3
2441 3
95 3
96 3
97 3
2968 3
8068 0
5313 0
99 3
100 3
3454 3
101 3
8439 3
102 3
9428 3
103 3
6850 3
105 3
106 3
107 3
108 3
109 3
110 3
111 3
112 3
113 3
114 3
9876 3
115 3
8942 3
116 3
117 3
118 3
4485 3
119 3
120 3
121 3
122 3
2688 3
9984 3
1155 0
4105 3
1167 3
2451 3
414 3
919 3
920 3
2586 3
6300 3
1310 3
10657 3
165 3
166 3
938 3
3252 3
2997 3
2612 3
7235 3
482 3
237 3
7128 3
3238 3
3296 3
3298 3
1123 3
2796 3
2413 3
3054 3
6655 3
125 3
126 3
127 3
128 3
129 3
1904 3
2288 3
2850 3
2452 3
2791 3
2809 3
2570 3
130 3
131 3
6986 3
4599 3
132 3
134 3
135 3
2018 3
136 3
4404 3
137 3
138 3
139 3
141 3
142 3
3618 3
143 3
144 3
145 3
146 3
147 3
148 3
149 3
151 3
152 3
153 3
8780 3
154 3
3539 3
155 3
157 3
158 3
159 3
160 1
2891 1
161 3
163 3
3449 3
164 3
1699 3
1121 3
7778 3
1194 3
927 3
167 3
6531 3
168 3
169 3
526 3
170 3
171 3
5776 3
4159 3
5623 3
9731 3
174 3
175 3
9651 3
176 3
177 3
6272 3
7169 3
9218 3
9222 3
1923 3
7183 3
1368 3
8525 3
2075 3
517 3
717 3
2566 3
9037 3
7516 3
519 3
1068 4
6189 3
9262 3
4144 3
2097 3
521 3
615 3
6203 3
7229 3
6207 3
9283 3
9284 3
9288 3
7242 3
2402 3
9297 3
2130 3
1412 3
9302 3
787 3
6234 3
7262 3
9311 3
9312 3
187 3
9318 3
9320 3
1132 3
10353 3
9332 3
1214 3
1897 3
6265 3
6269 3
6273 3
7299 3
1161 3
9356 3
7310 3
2195 3
9366 3
7319 3
9371 3
9385 3
1735 3
2226 3
7348 3
3254 3
6766 3
3444 3
1210 3
6331 3
9405 3
9406 3
9408 3
7361 3
6338 3
715 3
9588 3
3276 3
8397 3
7373 3
6520 3
9426 3
547 3
9430 3
1913 3
3288 3
6361 3
7388 3
222 3
8416 3
8419 3
7509 3
9447 3
7400 3
8425 3
9451 3
622 3
7411 3
248 3
9465 3
2300 3
10624 3
1750 3
8454 3
263 3
9484 3
7554 3
1295 3
8408 3
6419 3
8470 3
2327 3
10409 3
9499 3
4380 3
9501 3
8479 3
288 3
2096 3
3363 3
9509 3
1318 3
9511 3
8488 3
391 3
1325 3
1328 3
8497 3
9522 3
1331 3
9728 3
9528 3
1925 3
315 3
6460 3
9534 3
8512 3
6368 3
3394 3
1348 3
1590 3
9542 3
8519 3
4424 3
7498 3
1461 3
1357 3
7502 3
3896 3
9552 3
4435 3
6484 3
8533 3
6558 3
9560 3
3418 3
9564 3
575 3
1377 3
1378 3
2107 3
796 3
9576 3
9577 3
1767 3
3439 3
3440 3
370 3
8563 3
1396 3
3388 3
9592 3
1401 3
9594 3
7231 3
8572 3
9597 3
9598 3
8575 3
1408 3
1409 3
386 3
747 3
2436 3
2536 3
4401 3
1415 3
3665 3
8586 3
4492 3
9614 3
400 3
8594 3
9619 3
1429 3
9624 3
9625 3
10650 3
7579 3
9733 3
8606 3
1439 3
3489 3
418 3
9637 3
4518 3
424 3
9641 3
9642 3
1451 3
431 3
1456 3
6580 3
8629 3
4535 3
440 3
6659 3
1467 3
5564 3
9290 3
447 3
1472 3
1473 3
9669 3
6561 3
9673 3
2567 3
1484 3
8916 3
1487 3
6392 3
8659 3
474 3
8667 3
9695 3
1504 3
3553 3
9700 3
1958 3
1510 3
3560 3
6396 3
9709 3
8688 3
497 3
8692 3
9718 3
8695 3
9721 3
9796 3
9724 3
4522 3
9726 3
1536 3
1792 3
8707 3
2564 3
1543 3
8712 3
3593 3
1549 3
6682 3
540 3
6685 3
3615 3
2363 3
1569 3
8738 3
9307 3
9765 3
7492 3
1581 3
8750 3
8751 3
2313 3
1110 0
9123 3
8766 3
9653 3
6752 3
579 3
580 3
9797 3
3661 3
1615 3
9808 3
8885 3
1621 3
599 3
1625 3
10488 3
5728 3
9659 3
9829 3
9489 3
9834 3
9835 3
2670 3
8815 3
3859 3
8820 3
8822 3
9125 3
8827 3
637 3
641 3
6788 3
8843 3
6797 3
1680 3
8984 3
1684 3
6805 3
7449 3
1135 3
8860 3
8986 3
8862 3
3432 3
677 3
1902 3
2729 3
1707 3
9160 3
1716 3
693 3
9809 3
8892 3
9690 3
706 3
6852 3
8903 3
5834 3
1655 3
3874 3
1742 3
8911 3
9844 3
723 3
724 3
726 3
1759 3
1760 3
7363 3
1775 3
2139 3
1779 3
8951 3
8952 3
8954 3
1788 3
8961 3
3371 3
774 3
1799 3
6920 3
8970 3
3854 3
3855 3
3857 3
8835 3
788 3
10005 3
6617 3
6936 3
10009 3
10010 3
9007 3
3868 3
1825 3
6946 3
1827 3
2182 3
7493 3
1329 3
1833 3
3883 3
6956 0
7392 3
619 3
3893 3
9016 3
9017 3
406 3
6977 3
9355 3
3910 3
3914 3
9036 3
3881 3
1873 3
3926 3
9049 3
1885 3
1886 3
9055 3
9056 3
9057 3
9058 3
6459 3
7016 3
5436 3
7022 3
1512 3
9074 3
9079 3
2196 3
1914 3
9083 3
2945 3
2198 3
321 3
1931 3
9101 3
3934 3
324 3
1007 3
3997 3
8517 3
1952 3
9122 3
6299 3
2545 3
7362 3
4010 3
8107 0
7084 3
2989 3
9135 3
1971 3
4432 3
9144 3
7499 3
7327 3
7465 3
9150 3
9717 3
10571 3
1544 3
9889 3
1992 3
7500 3
6135 3
7117 3
9167 3
2002 3
3028 3
9173 3
6649 3
2009 3
4517 3
3036 3
9184 3
9185 3
6115 3
9188 3
9190 3
7145 3
9196 3
9199 3
9200 3
6129 3
7158 3
1705 3
7161 3
341 3
179 3
3608 3
180 3
181 3
183 3
184 3
8987 3
185 3
4539 3
186 3
188 3
189 3
2630 3
190 3
1236 3
191 3
1777 3
192 3
2480 3
3300 3
6312 3
3248 3
4115 3
2486 3
2747 3
2748 3
194 4
589 4
195 3
925 3
197 3
199 3
200 3
201 3
202 3
203 3
204 3
205 3
1671 3
206 3
3323 3
208 3
3887 3
209 3
210 3
211 3
9891 3
212 0
2442 0
7213 0
213 3
214 3
215 3
216 4
217 3
4110 3
218 3
219 3
220 4
221 3
3939 3
223 3
224 3
225 3
226 3
227 3
228 3
229 3
7329 3
230 3
231 3
7983 3
232 3
3629 3
2390 3
233 4
234 3
235 3
3396 3
236 3
238 3
680 3
240 3
4464 3
242 3
243 3
244 3
1231 3
245 3
246 3
247 3
249 3
250 3
251 3
252 3
2825 2
3595 3
3867 3
555 3
2851 0
551 4
9257 3
2602 3
2608 3
2866 0
3639 3
3386 3
10324 3
3257 0
1369 0
5210 0
3471 3
1127 3
1129 3
7279 3
4208 3
4468 3
1141 3
6249 3
7038 3
1158 3
6381 3
10139 0
6812 3
7074 3
1583 3
3687 3
3776 3
2347 3
3387 3
6088 3
2512 3
2267 3
2265 3
3549 3
3550 3
1002 3
4007 3
5620 3
2550 3
2555 3
2046 3
254 3
255 3
256 3
3435 3
1168 3
6160 3
1128 3
942 3
3376 3
258 3
259 3
260 3
261 3
8604 3
8427 3
262 3
2485 3
264 3
265 3
266 3
267 3
268 3
269 3
270 3
271 3
273 3
274 3
275 3
640 3
276 3
277 3
278 3
9790 3
279 3
280 3
281 3
282 3
283 3
284 3
285 0
1080 0
287 3
289 3
290 3
291 3
292 3
293 3
294 3
295 3
296 3
297 3
298 3
299 3
300 3
8532 3
301 3
302 3
3270 3
303 3
304 3
305 3
3451 3
306 3
307 3
665 3
3557 3
309 3
310 3
311 2
1723 2
8124 2
2094 2
312 3
313 3
314 3
316 3
317 3
3568 3
5151 0
319 3
322 3
323 3
325 3
326 3
327 3
3369 3
2951 3
328 3
329 3
7066 3
330 3
332 3
333 3
334 3
2209 3
3031 3
336 3
338 3
1673 3
339 3
692 3
340 3
4035 3
342 3
343 3
344 4
345 2
8233 2
346 3
347 0
349 3
350 4
9216 4
351 3
6467 3
352 3
353 3
2642 3
354 3
355 3
356 3
357 3
358 3
359 3
360 3
9337 3
6570 3
4434 3
6589 3
361 3
362 3
363 3
364 3
365 3
366 3
367 3
368 3
369 3
4022 3
371 3
373 3
374 3
2448 3
375 3
376 3
377 3
378 3
379 3
380 3
381 3
382 3
383 3
4124 3
384 3
3264 3
385 3
2080 3
387 3
6424 3
388 0
820 0
1395 3
393 3
394 3
396 3
3913 3
397 3
398 3
399 3
401 3
402 3
3561 3
403 3
404 3
405 3
408 3
435 3
3533 3
409 3
410 3
411 3
412 3
4308 3
4300 3
413 3
415 3
4490 3
416 3
417 3
420 3
421 3
422 3
423 3
425 3
426 3
427 3
3537 3
428 3
9855 3
429 3
973 3
430 3
6365 3
432 0
5159 0
3113 0
3693 0
2382 0
2161 0
3209 0
4472 0
959 0
433 3
434 3
436 3
691 3
2372 3
437 3
438 3
439 0
10291 0
4838 0
442 3
443 3
444 3
2495 3
448 3
449 3
9710 3
450 3
3806 3
451 3
452 3
453 3
454 3
455 3
6464 3
6468 3
456 3
457 3
458 3
459 3
460 3
461 3
462 0
4646 0
2585 0
1164 0
463 3
464 3
465 3
466 3
467 3
9182 3
468 3
469 3
470 3
471 4
472 3
1894 3
473 3
4585 3
6700 3
3606 3
1794 3
2157 3
6154 3
7511 3
655 3
4368 3
9235 3
4374 3
9111 3
4378 3
8739 3
8485 3
2290 3
3501 3
9776 3
3121 3
6451 3
7480 3
9532 3
10378 3
2494 3
1841 3
9412 3
1351 3
2355 3
7114 3
9419 3
9039 3
9298 3
3029 3
7127 3
9176 3
8924 3
3434 3
4448 3
6118 3
6637 3
4337 3
754 3
6931 3
6907 3
3965 3
475 3
4437 3
476 3
477 3
3971 3
478 3
479 3
480 3
481 3
483 3
484 3
485 3
486 0
7888 0
487 0
488 3
489 3
490 3
491 3
3393 3
7080 3
9006 3
610 3
493 3
494 3
495 0
3772 0
496 3
498 3
7301 3
6211 3
7197 3
2247 3
8520 3
9095 3
8972 3
4365 3
7182 3
4533 3
3576 3
2941 3
500 3
501 3
503 3
504 3
505 3
506 3
507 3
508 3
509 3
510 0
511 3
4107 3
512 3
513 3
514 3
515 3
516 3
518 3
520 3
3261 3
522 3
523 3
524 3
525 3
2685 3
527 3
528 3
529 3
530 3
8527 3
531 3
532 3
533 3
534 3
535 3
536 3
537 3
538 3
539 3
3260 3
541 3
542 3
3256 3
543 3
544 4
3339 4
1157 4
3343 4
545 3
3410 3
546 3
4059 3
548 3
549 3
550 3
3347 4
1119 4
552 3
6428 3
553 3
554 3
9449 3
556 3
9346 3
4116 3
557 3
558 0
7763 0
559 3
560 3
561 3
562 3
564 3
565 3
566 3
567 3
568 3
569 3
4100 3
4101 3
1367 3
4108 3
2264 3
4112 3
4118 3
4120 3
4125 3
4126 3
4133 3
6833 3
4093 3
9565 3
6821 3
4152 3
4106 3
9568 3
694 3
7522 3
8888 3
9572 3
4504 3
700 3
7528 3
7096 3
4552 3
7530 3
4505 3
6848 3
9688 3
705 3
9665 3
4097 3
7507 3
6855 3
8365 3
4127 3
7542 3
8396 3
8403 3
8405 3
8409 3
8912 3
9595 3
8420 3
721 3
4332 3
4333 3
4336 3
8433 3
1781 3
8437 3
4343 3
8440 3
8441 3
8446 3
8447 3
8452 3
9658 3
4362 3
8473 3
4379 3
8476 3
4385 3
8487 3
4395 3
4398 3
8925 3
8496 3
8500 3
4406 3
8504 3
8505 3
8509 3
8510 3
4419 3
4426 3
6694 3
4428 3
4431 3
8528 3
8529 3
8531 3
4436 3
8535 3
8536 3
4441 3
4442 3
8539 3
8544 3
8545 3
8550 3
8557 3
4463 3
8560 3
8562 3
4467 3
8564 3
8568 3
4377 3
746 3
8574 3
4489 3
8595 3
8600 3
8601 3
8602 3
8603 3
8608 3
8611 3
8612 3
8614 3
8617 3
8618 3
8619 3
8620 3
6898 3
8622 3
4528 3
8628 3
4414 3
8630 3
8631 3
8632 3
8634 3
8636 3
4546 3
8643 3
7551 3
8645 3
9633 3
8653 3
6221 3
1443 3
4567 3
4568 3
4569 3
8672 3
8674 3
8676 3
8677 3
8680 3
8684 3
4594 3
8698 3
8702 3
4609 2
8710 3
8713 3
8714 3
6155 3
4625 0
8729 3
8731 3
6917 3
8736 3
8741 3
4871 0
4652 3
8759 3
8475 3
572 3
573 3
574 3
8767 3
8775 3
585 3
586 3
587 3
588 3
591 3
595 3
8788 3
597 3
8791 3
601 3
602 3
603 3
8797 3
607 3
612 3
8805 3
618 3
626 3
8819 3
8825 3
8826 3
8828 3
638 3
639 3
8833 3
645 3
4742 2
8839 3
650 3
8844 3
653 3
659 3
660 3
662 3
663 3
664 3
667 3
8861 3
8863 3
4587 3
674 3
675 3
8875 3
8877 3
8878 3
8880 3
8881 3
8883 3
8884 3
8886 3
695 3
696 3
6943 3
703 3
704 3
8897 3
8898 3
8899 3
710 3
716 3
8910 3
720 3
8913 3
8921 3
730 3
731 3
733 3
734 3
805 3
736 3
738 3
741 3
8935 3
8938 3
4843 0
8940 3
749 3
750 3
751 3
756 3
2078 3
8955 3
767 3
8960 3
8962 3
8964 3
773 3
8966 3
8967 3
778 3
9687 3
781 3
4879 2
8976 3
8977 3
786 3
789 3
9689 3
792 3
797 3
798 3
4897 3
8995 3
8997 3
8998 3
9000 3
9005 3
9008 3
9009 3
9010 3
9013 3
9014 3
9012 3
9019 3
9022 3
6965 3
9026 3
9028 3
9032 3
9033 3
844 3
9698 3
847 3
9699 3
4949 3
9047 3
4954 0
2191 3
9053 3
9054 3
9060 3
9062 3
9064 3
1511 3
9070 3
9072 3
4452 3
9077 3
9078 3
9705 3
9081 3
9084 3
9087 3
9099 3
9100 3
9105 3
5010 3
9109 3
5615 3
9117 3
9118 3
9120 3
9121 3
5030 0
9127 3
9128 3
9131 3
9137 3
9139 3
948 3
9143 3
9146 3
956 3
9151 3
9152 3
9153 3
962 3
9155 3
1526 3
9158 3
9159 3
9162 3
9163 3
9165 3
9170 3
9172 3
5077 3
9175 3
9180 3
9181 3
2213 3
993 3
9193 3
9195 3
9202 3
9204 3
9208 3
9212 3
6717 3
5118 3
9221 3
9223 3
9224 3
9226 3
8627 3
4269 3
9236 3
9237 3
9239 3
9243 3
9247 3
7003 3
9719 3
9256 3
9261 3
9267 3
9275 3
1085 3
2229 3
9285 3
1097 3
1098 0
1099 3
9292 3
1102 3
1105 3
9301 3
9303 3
9308 3
2234 3
4538 3
1124 3
9745 3
1133 0
1136 3
9329 3
1138 3
9331 3
9333 3
6721 3
1144 3
9338 3
9342 3
7267 3
9349 3
5256 3
6718 3
9359 3
1539 3
9361 3
1175 4
6340 3
4540 3
9376 3
9378 3
9380 3
9381 3
9387 3
4536 3
9400 3
9407 3
1216 3
5496 3
9411 3
1220 3
9413 3
9416 3
1225 3
1229 3
9422 3
9425 3
9427 3
4542 3
9435 3
9437 3
9439 3
1248 3
1249 3
1250 3
1251 3
1254 3
1255 3
1257 3
1258 3
9767 0
8402 3
7407 3
9456 3
6355 3
1268 3
7046 3
1272 3
2260 3
1275 3
1276 3
6862 3
1281 3
9474 3
9475 3
1284 3
1285 3
1286 3
1287 3
1290 3
6359 3
5388 3
9488 3
1298 3
1299 3
9492 3
2089 3
1303 3
1306 3
2409 3
9503 3
9504 3
7728 0
5410 1
2109 3
1319 3
9513 3
1322 3
9516 3
9518 3
9521 3
4545 3
9523 3
5429 3
1336 3
1337 3
1338 3
2271 3
5437 1
1345 3
4346 3
9541 3
9543 3
1352 3
9545 3
8774 3
9638 3
1358 3
7053 3
1360 3
1361 3
1363 3
8638 3
9562 3
9563 3
1372 3
9786 3
1374 3
1376 3
1381 3
1382 3
7057 3
1386 3
9579 3
9580 3
9106 3
2092 3
1392 3
9591 3
1400 3
5497 3
1403 3
1406 3
9600 3
9601 3
9608 3
1417 3
1420 3
9613 3
1423 3
1424 3
1430 3
1431 3
1432 3
1957 3
1434 3
1435 3
1436 3
1437 3
7374 3
9584 3
1440 3
1441 3
1442 3
9115 3
8777 3
9639 3
1453 3
5550 3
5551 3
1457 3
9650 3
5555 3
1462 3
1463 3
9657 3
5562 3
1468 3
9664 3
7072 3
1474 3
1611 3
7402 3
9670 3
1479 3
9672 3
9678 3
1489 3
1491 3
1492 3
9685 3
9686 3
1495 3
1496 3
1497 3
9692 3
9694 3
9148 3
9697 3
1506 3
9126 3
9703 3
9704 3
1513 3
1515 3
1517 3
9715 3
1527 3
1528 3
9722 3
9725 3
9727 3
8448 3
7007 3
1540 3
8449 3
9737 3
1546 3
1547 3
7547 3
9742 3
9743 3
9744 3
1553 3
1554 3
1555 3
1558 3
1559 3
9753 3
1564 3
9758 3
9759 3
9761 3
1570 3
1571 3
1572 3
5669 3
9768 3
1577 3
1579 3
9777 3
5684 3
9782 3
9784 3
9785 3
1594 3
9787 3
9789 3
1600 3
1632 3
1602 3
9795 3
9798 3
1608 3
1609 3
9802 3
9803 3
9807 3
1623 3
9816 3
9819 3
1629 3
1631 3
9825 3
9828 3
1637 3
9830 3
5737 3
1643 2
9838 3
1648 3
9841 3
9845 3
1641 3
1656 3
4372 3
1658 3
7103 3
9852 3
9853 3
9854 3
2325 3
9856 3
9859 3
8648 3
6875 3
961 3
1283 3
9867 3
5058 3
9870 3
9871 3
4376 3
5778 3
1685 3
9878 3
9879 3
1688 3
7108 3
9885 3
9886 3
1697 3
1698 0
9892 3
9893 3
5798 3
9899 3
1709 3
1711 3
9904 3
1713 3
1651 3
1717 3
1718 3
9911 3
9912 3
1721 3
1722 3
9915 3
9916 3
9918 3
9924 3
8923 3
7131 3
1743 3
8787 3
1748 3
4595 3
9849 3
9850 3
5855 3
7120 3
1763 3
1764 3
1660 3
5867 3
5868 3
1773 3
5870 3
4574 3
9559 3
5877 3
5878 3
1787 3
8490 3
1795 3
1797 3
8468 3
1800 3
4396 0
1807 3
1811 3
7289 3
1817 3
6729 3
4399 3
1821 3
1822 3
1823 3
1835 3
1836 3
1837 3
1838 3
1842 3
1845 3
1846 3
1847 3
1852 3
4405 3
4017 3
5954 3
5955 3
6860 3
1865 3
1869 3
9869 3
1872 3
7139 3
8655 3
4427 3
1679 3
1884 3
1887 3
1890 3
1893 3
1896 3
5995 3
9874 3
6004 3
1909 3
1911 3
6010 3
1919 3
1927 3
1929 3
4565 3
4418 3
3474 3
6031 3
1937 3
1938 3
1939 3
1940 3
1942 3
8516 3
1947 3
4512 3
6470 3
9476 3
1961 3
1963 3
1965 3
6666 3
1972 3
1978 3
1979 3
5385 3
6749 3
1983 3
4132 3
1985 3
1988 3
1989 3
4429 3
1991 3
1993 3
9615 3
2001 3
1661 3
2004 3
2007 3
2008 3
6105 3
6107 3
9863 3
7432 3
1701 3
6112 3
2019 3
6116 3
4367 3
6125 3
2031 3
10228 0
9214 3
6134 3
6136 3
6138 3
6145 3
6146 3
2052 3
6157 3
6158 3
6159 3
2064 3
6479 3
2069 3
2070 3
6167 3
6168 3
8538 3
6174 3
6176 3
2084 3
6183 3
2088 3
6185 3
2090 3
7175 3
6188 3
4445 3
6193 3
6195 3
6196 3
6197 3
6200 3
6201 3
2106 3
2111 3
6208 3
6209 3
2115 3
6212 3
6213 3
2119 3
2121 3
6218 3
2124 3
8546 3
6481 3
7181 3
6224 3
6226 3
6227 3
6228 3
6229 3
6231 3
2137 3
6236 3
6237 3
2142 3
8549 3
9154 3
6245 3
6891 3
6251 3
2156 3
6255 3
2160 3
6266 3
6270 3
6271 3
6274 3
8555 3
6277 3
6279 3
6283 3
6291 3
6295 3
2200 3
6298 3
6303 3
6304 3
9926 3
2216 3
6313 3
2219 3
6317 3
6318 3
6323 3
2228 3
2230 3
2231 3
6330 3
8565 3
6336 3
3757 0
6339 3
2244 3
6341 3
6342 3
6345 3
6349 3
7489 3
6351 3
2258 3
2259 3
6356 3
2261 3
2262 3
2263 3
6360 3
6362 3
2268 3
6366 3
6367 3
6369 3
2277 3
6375 3
2280 3
2282 3
7441 3
6382 3
6389 3
2294 3
2296 3
2297 3
6394 3
2299 3
9823 3
2303 3
6401 3
2306 3
6404 3
2309 3
6409 3
2315 3
6414 3
2323 3
2329 3
2330 3
2331 3
2333 3
6430 3
2335 3
6432 3
2339 3
2341 3
6438 3
2343 3
6445 3
6446 3
2351 3
2353 3
7517 0
2360 3
2366 3
6463 3
6466 3
6469 3
2374 3
6471 3
6475 3
6478 3
8589 3
2384 3
2385 3
2386 3
6483 3
6485 3
6486 3
2392 3
6490 3
8591 3
6492 3
6493 3
2399 3
2406 3
9645 3
6504 3
7036 3
2411 3
6699 3
4498 3
2415 3
6512 3
6513 3
7381 3
6519 3
10616 3
8596 3
6522 3
2428 3
6525 3
6530 3
1771 3
6534 3
6536 3
6539 3
6545 3
6546 3
6551 3
9629 3
2457 3
2458 3
6555 3
2460 3
6557 3
1093 3
10584 3
6564 3
6565 3
2470 3
1446 3
6556 3
2474 3
6571 3
7311 3
6573 3
2479 3
6576 3
6577 3
6578 3
6583 3
6585 3
2491 3
6588 3
6591 3
2497 3
1782 3
8609 3
6600 3
6603 3
6606 3
9293 3
6563 3
6619 3
9864 3
6631 3
2538 3
2471 3
2540 3
6495 3
6644 3
5886 3
6652 3
4515 3
6656 3
7382 3
4524 3
892 3
2571 3
4525 3
6672 3
6676 3
6677 3
6683 3
2589 3
6686 3
6687 3
2592 3
2595 3
6692 3
2597 3
2598 3
2481 3
2603 3
6702 3
9634 3
2610 3
2611 3
2615 3
2621 3
2622 3
9701 3
6722 3
2628 3
2629 3
6727 3
6728 3
2633 3
9635 3
6734 3
6735 3
6737 3
6738 3
9908 3
6741 3
2647 3
6744 3
2651 3
6748 3
6750 3
2655 3
2656 3
6587 3
6756 3
2663 3
6760 3
2665 3
6763 3
6764 3
6772 3
2678 3
2680 3
2681 3
6778 3
8639 3
2684 3
3499 3
6782 3
2691 3
2692 3
7478 3
6790 3
6791 3
6792 3
2697 3
2703 3
2705 3
2707 3
2708 3
2710 3
6807 3
6808 3
6597 3
6816 3
6819 3
2724 3
6827 3
6829 3
2738 3
2739 3
2742 3
2743 3
2744 3
6841 3
6842 3
6844 3
6846 3
2752 3
6849 3
2755 3
2758 3
2759 3
2762 3
2764 3
2766 3
6863 3
2768 3
7048 3
6869 3
6871 3
6874 3
6879 3
6883 3
6894 3
6838 3
2515 3
6903 3
8502 3
6908 3
2813 3
2815 1
6912 3
6913 3
6916 3
4566 3
6918 3
9914 3
6924 3
3885 3
6929 3
6930 3
7323 3
6935 3
4459 3
6942 3
1595 3
6947 3
2475 3
6950 3
6952 3
2858 3
2141 3
6959 3
6963 3
8670 3
6967 3
6969 3
6970 3
8671 3
9354 3
4603 3
6980 3
6983 3
6990 3
9780 3
2897 3
6994 3
6997 3
3047 3
2903 3
2546 3
2906 3
2907 3
2912 1
9917 3
7010 3
2916 3
7013 3
7313 3
4598 3
7018 3
7019 3
7023 3
7025 3
7029 3
7032 3
7033 3
2940 3
2942 3
7040 3
7042 3
8683 3
2948 3
2950 3
7047 3
2953 3
2954 3
7052 3
1858 0
2958 3
7055 3
7056 3
2961 3
2962 3
7059 3
7060 3
4590 3
7062 3
2969 3
2970 3
2973 3
2976 3
2979 3
2981 3
2982 3
2985 3
2986 3
6919 3
8691 3
2996 3
3000 3
3004 3
6645 3
3009 3
7106 3
3012 3
7109 3
7110 3
9840 3
7112 3
2364 3
7118 3
7119 3
3024 3
3025 3
7122 3
7123 3
7085 3
1871 3
7133 3
7134 3
7138 3
8699 3
3044 3
7141 3
7142 3
7143 3
7146 3
7149 3
7154 3
7155 3
7159 3
7160 3
7163 3
7166 3
7167 3
7168 3
8704 3
7170 3
7172 3
7331 3
7174 3
8705 3
6447 3
7184 3
7186 3
7194 3
7196 3
4604 3
7199 3
7201 3
7205 3
7209 3
7214 3
7215 3
7217 3
7219 3
9515 3
7226 3
3133 0
7230 3
8715 3
3140 0
7237 3
7238 3
7240 3
7248 3
7249 3
7250 3
7251 3
2279 3
7256 3
7258 3
7354 3
7266 0
2159 3
7268 3
4440 3
8721 3
3176 0
7280 3
7282 3
7283 3
7285 3
7287 3
8724 3
7291 3
7292 3
7294 3
7297 3
7298 3
4471 3
3206 0
7303 3
7305 3
7307 3
4335 3
8728 3
7314 3
7317 3
7321 3
7322 3
3951 3
7324 3
7328 3
9666 3
7333 3
3242 3
7350 3
3258 3
7355 3
7360 3
7366 3
6732 3
7368 3
7370 3
8838 3
9421 3
3280 3
3285 3
3286 3
3289 3
7386 3
7375 3
3292 0
3293 3
7390 3
7395 3
4576 3
1234 3
3311 3
7408 3
3314 3
3283 3
9794 3
3317 3
3318 3
3319 3
3320 3
3327 3
3328 3
3329 3
8567 3
7428 3
1238 3
3334 3
2423 3
3336 3
8748 3
7384 3
3348 4
7445 3
7453 3
7454 3
7455 3
6704 3
3364 3
7461 3
4527 3
7467 3
3372 3
3373 3
3374 3
3375 3
3380 3
3382 3
3384 3
7485 3
7486 3
7487 3
3392 3
7544 3
3395 3
9441 3
6711 3
7504 3
9443 3
7508 3
7510 3
1935 3
6714 3
3423 3
7520 3
7521 3
3426 3
3430 3
7527 3
3438 3
3448 3
3452 3
3453 3
7552 3
3458 3
7556 3
3462 3
3463 3
7041 3
3467 3
6897 3
8908 3
8981 3
3477 3
3483 3
3484 3
4344 3
3492 3
3493 3
3495 3
3496 3
3498 3
2631 3
3502 3
3504 3
3507 3
9460 3
3514 3
8778 3
7413 3
3520 3
3523 3
3526 3
3528 3
3530 3
7347 3
3534 3
3535 3
3536 3
3538 3
3540 3
3541 3
3545 3
3548 3
3551 3
3552 3
3556 3
3558 3
3562 3
3564 3
3566 3
3571 0
3574 3
4347 3
3578 3
7423 3
3581 3
8789 3
3586 3
3587 3
3588 3
3589 3
3590 3
3592 3
3594 3
1282 3
3331 3
3604 3
3609 3
3610 3
8794 3
3617 3
3620 3
3623 3
3624 3
7722 0
7431 3
3632 3
1288 3
3634 3
4349 3
3636 3
1289 3
3644 3
4213 3
3653 3
3655 3
1292 3
3666 3
3667 3
3668 3
3672 3
3674 3
3677 3
3679 3
3683 3
7444 3
3699 3
1300 3
4580 3
1624 3
7376 3
8990 3
7451 3
4722 3
1309 3
8445 3
9505 3
3792 0
605 3
4526 4
1999 3
2036 3
2683 3
3673 3
8829 3
7427 3
2037 3
8832 3
1323 3
2535 3
8857 3
7468 3
2227 3
8834 3
3856 3
3864 3
3866 3
3870 3
3872 3
9520 3
2012 3
3884 3
9573 3
3886 3
3889 3
2208 3
3899 3
4358 3
8003 3
1494 3
8011 3
9814 3
3917 3
3919 3
3922 3
3923 3
3924 3
3925 3
3930 3
3931 3
4359 3
3937 3
3938 3
3943 3
3949 3
3950 3
8047 0
8851 3
3958 3
3960 3
3961 3
3962 3
8063 3
3970 3
9537 3
3979 3
3980 3
3990 3
3991 3
3998 3
4002 3
4013 3
9544 3
4083 3
4021 3
4024 3
4025 3
6815 0
816 3
6437 3
4037 3
4038 3
4041 3
8866 3
4047 3
2040 3
4051 3
4363 3
4060 3
4062 3
4072 3
4076 3
7506 3
4079 3
4081 3
9555 3
4085 3
7534 3
8874 3
3072 0
10242 0
10144 0
5125 0
1030 0
4615 0
10236 0
5132 0
5133 0
4626 0
2583 0
4633 0
10266 0
5147 0
4636 0
7711 0
7713 0
8226 0
7715 0
7716 0
10246 0
7721 0
4651 0
3116 0
5213 0
5168 0
7729 0
8151 0
7739 0
4668 0
10165 0
5184 0
3137 0
1091 0
10308 0
4534 0
4678 0
5192 0
5303 0
3148 0
8270 0
5200 0
5049 0
3154 0
4691 0
4693 2
4694 0
2135 0
4696 0
4947 0
10331 0
2134 0
10334 0
8287 0
5217 0
4706 0
8293 0
8294 0
8380 0
5230 0
8303 0
7795 0
8309 0
8310 0
2168 0
3195 0
2118 0
3709 0
4734 2
3199 0
7808 0
3716 0
7958 0
7815 0
3227 0
3165 0
1163 0
3213 0
4973 0
2192 0
1169 0
2194 0
3779 0
10346 0
3182 0
7705 0
5273 0
10394 0
8347 0
5276 0
5277 0
3742 0
7839 0
1184 0
8353 0
3057 0
3748 0
10283 0
4775 0
3752 0
4779 0
4781 0
4782 0
10416 0
5352 0
2987 0
7881 0
8089 0
4796 0
8381 0
3775 0
5312 0
5314 0
9931 0
8225 0
9932 0
10443 0
3788 0
3106 2
10445 0
4643 0
4820 2
4917 0
9942 0
3203 0
3164 0
7900 0
7969 0
8219 0
3811 0
4836 2
9957 0
10646 0
10288 0
10472 0
9961 0
10475 0
8146 0
4847 0
3077 0
10482 0
10483 0
9973 0
9975 0
4857 0
9980 0
3060 0
1237 0
9986 0
4867 0
3844 0
4822 0
10506 0
4915 0
4876 0
10512 0
10001 0
4483 0
7956 0
4886 0
7971 0
8239 0
7898 0
4895 0
7851 0
10018 0
3804 0
7892 0
10029 0
3074 0
1840 0
10632 0
5227 0
7996 0
8066 0
4932 0
10566 0
10057 0
9035 0
8012 0
10063 0
8016 0
5552 3
5194 0
10411 0
1878 0
10071 0
10073 0
3422 0
7909 0
10384 0
4962 0
8035 0
5348 0
5266 0
10097 0
10098 0
3219 0
10612 0
8053 0
5353 0
8254 0
2624 0
10114 0
4995 0
7613 0
5315 0
5271 0
7831 0
10636 0
7567 0
3119 0
10307 0
10134 0
5015 2
921 0
5018 0
8094 0
4933 0
5024 0
8091 0
5028 2
3142 0
3202 0
10151 0
7836 0
7594 0
7595 0
10156 0
7599 0
944 0
3656 0
4530 0
7603 0
7605 0
950 0
7609 0
5050 0
3225 0
5053 0
10174 0
5334 0
7619 0
5060 0
965 0
1244 0
7623 0
3016 0
4940 0
5367 0
8141 0
8142 0
4978 0
3179 0
5074 0
10196 0
10197 0
2006 0
7639 0
8152 0
2523 0
8156 0
8157 0
5237 0
5091 0
10501 0
5250 0
5201 0
3136 0
3049 0
5287 0
3056 0
8360 0
3730 0
10579 0
5080 0
5110 0
5111 0
7672 0
8187 0
7676 0
8191 0
5376 1
5590 3
5382 3
2823 3
5392 3
5393 3
5850 3
3035 3
5414 3
2600 3
2857 3
5676 3
5680 3
5428 3
2870 3
4154 3
4155 3
2869 3
2883 3
5956 3
5957 3
839 3
840 3
2893 3
4174 3
4176 3
4179 3
979 3
5951 3
5723 3
5468 3
5725 3
5729 3
4283 3
5989 3
2918 3
4200 3
4240 0
5996 3
5998 3
4209 3
6003 3
2932 3
887 3
6009 3
831 3
2922 3
6017 3
5510 3
903 3
6024 3
5513 3
5514 3
4239 3
5777 3
5529 3
4249 3
5532 3
4255 3
5799 3
5800 3
2218 3
5447 3
2732 3
5808 3
4273 3
5810 3
4279 3
5563 3
958 3
4288 3
964 3
6007 3
4173 3
1745 3
5923 3
5845 3
4310 3
2778 3
5851 3
2780 3
5853 3
2782 3
2015 3
5858 3
4324 3
2790 3
5863 3
2792 3
4331 3
5616 3
5672 3
5618 3
809 3
5373 3
576 3
577 3
578 3
3976 3
3308 3
669 3
2464 1
3236 3
3882 3
8495 3
4018 3
2998 1
7225 3
2498 3
6859 3
5424 3
6179 3
7132 3
9755 3
6632 3
9067 3
2668 3
7406 3
9586 3
2421 3
7418 3
583 3
584 3
7939 4
1222 4
1223 4
3338 4
2701 4
3342 4
3341 4
913 4
3353 4
1116 4
2717 4
1125 4
3048 4
2537 4
3050 4
4455 4
3052 4
1071 4
1072 4
2482 4
1076 4
1079 4
2484 4
1786 4
8637 4
2430 4
590 3
592 3
593 3
594 3
596 3
598 3
2407 3
600 3
604 3
606 3
608 3
609 3
611 3
613 3
614 3
616 3
617 0
1172 0
2926 0
621 0
623 3
624 3
625 3
627 3
628 4
629 3
630 3
632 3
633 3
634 3
635 0
1077 0
636 3
643 3
644 3
647 3
5597 3
648 3
649 4
3170 4
651 3
652 3
654 3
657 3
658 0
661 3
1410 3
1483 3
6651 3
6363 3
4484 3
9030 3
3275 3
2285 3
2927 3
3277 3
7353 3
9273 3
9679 3
6268 3
7075 3
666 3
668 0
670 3
4516 3
671 3
672 3
673 3
2949 3
676 3
678 3
679 3
6383 3
681 3
2990 3
683 0
684 3
685 3
686 3
687 3
688 3
689 3
690 3
4139 3
1665 3
4411 3
6243 3
2214 3
6762 3
7051 3
3427 3
9880 3
9529 3
3675 3
8847 3
2302 3
697 3
698 3
699 3
701 3
702 3
740 3
707 3
1365 3
708 3
709 0
1188 0
711 3
712 3
713 3
714 3
8871 3
718 3
719 3
722 3
725 3
727 0
3809 0
8253 0
8087 0
728 3
784 3
729 3
732 3
735 0
737 3
9107 3
739 3
742 3
9662 3
743 0
744 3
745 0
4983 0
748 3
752 3
753 3
755 3
757 3
758 3
6945 3
759 3
10188 3
760 3
4858 0
3851 0
5175 0
762 3
763 3
764 3
768 3
769 3
770 3
771 3
4583 3
772 3
3307 3
775 3
776 3
777 3
779 3
780 2
7054 2
3181 2
2340 3
782 3
783 3
9570 3
4596 3
785 3
9887 3
790 3
791 3
793 3
794 3
795 3
799 3
4447 3
800 3
801 3
802 3
803 3
804 3
806 3
807 3
5803 3
5869 3
808 3
1790 3
5861 3
5528 3
5401 3
810 3
811 3
812 3
813 3
814 3
815 3
2882 3
817 3
2894 3
8194 0
2051 3
7173 3
7176 3
1538 3
8726 3
10329 0
9269 3
1599 3
4791 0
6856 3
7769 0
1626 3
8796 3
6240 3
7265 3
2147 3
2671 3
6768 3
1654 3
8823 3
4738 0
6789 3
877 3
2715 3
7340 3
9910 3
5307 0
3774 3
8384 0
2249 3
1749 3
3287 3
2266 3
1755 3
6373 3
1769 3
1266 3
9972 0
6393 3
1628 3
878 3
8459 3
9490 3
2324 3
2326 3
10008 0
1327 3
10533 3
5450 3
4941 0
1870 3
4943 3
4944 0
8021 0
1366 3
3933 3
10080 0
10603 3
8082 3
10606 3
3441 3
7538 3
8569 3
5503 3
9612 3
1421 3
4499 3
2966 3
3480 3
2983 3
10161 3
10162 3
10163 3
9145 3
8635 3
2197 3
3406 3
9191 3
6635 3
8685 3
2544 1
1009 3
9714 3
819 3
931 3
3911 0
6444 0
6989 3
2756 0
9309 0
1502 0
821 3
822 3
5671 3
823 3
824 3
2799 3
825 3
826 3
827 3
828 3
7274 3
829 3
2248 3
830 3
2794 3
832 3
833 3
834 3
835 3
2728 3
836 3
2937 3
837 3
4266 3
838 3
841 3
842 3
843 3
845 3
2908 3
846 3
848 3
849 3
4156 3
850 3
851 3
865 3
852 3
2867 3
853 0
854 3
855 3
856 3
2648 3
2786 3
857 3
858 3
859 3
860 3
5793 3
5426 3
5876 3
5674 3
10669 3
861 3
5667 3
862 3
5173 3
863 3
4225 3
864 0
866 3
2873 3
867 0
868 3
3680 3
869 3
870 3
871 3
872 3
5398 3
873 3
874 3
875 3
5374 3
876 3
1592 3
5939 3
879 3
880 3
2837 3
881 3
2864 3
882 0
5171 0
4790 0
883 0
5001 0
10381 0
3221 0
885 0
8059 0
915 0
4829 0
884 3
2848 3
3088 0
886 3
6085 3
6006 3
888 3
889 3
890 3
891 3
5535 3
893 3
894 3
895 0
9453 0
896 3
897 3
898 3
899 3
900 3
901 3
902 3
904 3
905 1
906 1
907 1
908 1
5435 1
909 1
910 1
911 1
912 3
914 0
3521 3
9124 3
2734 3
3313 3
6830 3
917 0
918 0
923 3
5504 3
4211 3
4268 3
5495 3
5646 3
5397 3
5664 3
5666 3
5411 3
1834 3
5677 3
5425 3
2872 3
2874 3
5770 3
2880 3
3894 3
2886 3
2375 3
4168 3
5516 3
5432 3
5715 3
5390 3
5726 3
5734 3
5736 3
4327 3
5522 3
1342 3
4215 3
4223 3
4224 3
6019 3
6025 3
4247 3
6030 3
5775 3
6034 3
6039 3
4248 3
5530 3
3995 3
5445 3
2935 3
5539 3
936 3
10665 3
10666 1
2888 3
4277 3
5559 3
1727 3
5854 3
5920 3
5582 3
5505 3
5587 3
10330 3
6094 3
6102 3
2775 3
5595 3
5531 3
5598 3
5602 3
5862 3
4328 3
4329 3
926 3
928 3
7608 3
929 3
2057 3
2061 3
2062 3
4111 3
2068 3
2072 3
2074 3
2081 3
9071 3
6184 3
6186 3
6190 3
4143 3
6194 3
2099 3
4148 3
6198 3
6202 3
4571 3
6837 3
2112 3
6214 3
6497 3
1719 3
4175 3
6233 3
2401 3
6258 3
6260 3
7189 3
8597 3
4460 3
7191 3
7533 3
7198 3
6290 3
8558 3
6854 3
6316 3
6319 3
6320 3
6321 3
6327 3
2420 3
2236 3
6144 3
6352 3
8407 3
6364 3
8413 3
8417 3
2276 3
2278 3
8424 3
2281 3
2283 3
2429 3
2292 3
7553 3
2316 3
2319 3
6416 3
8465 3
8466 3
6420 3
8471 3
6425 3
6426 3
6427 3
8477 3
8943 3
4386 3
8486 3
8583 3
8492 3
2350 3
6453 3
6461 3
8467 3
6477 3
6487 3
7389 3
6489 3
2447 3
2398 3
8933 3
6496 3
6503 3
4457 3
8556 3
4462 3
6511 3
6523 3
2454 3
2113 3
6541 3
4494 3
6543 3
6544 3
2449 3
6548 3
6549 3
8605 3
8610 3
9627 3
8945 3
8616 3
6581 3
2487 3
6586 3
2496 3
6595 3
6220 3
4554 3
4556 3
2513 3
6611 3
2520 3
4572 3
6621 3
2527 3
6626 3
6629 3
4519 3
4593 3
6642 3
4597 3
6654 3
8703 3
6657 3
9643 3
8709 3
6663 3
8716 3
8621 3
8723 3
6575 3
8732 3
8737 3
6693 3
8742 3
6696 3
6697 3
2604 3
2609 3
2613 3
2445 3
2620 3
6720 3
8719 3
8776 3
2637 3
8783 3
6739 3
6745 3
8795 3
8798 3
8800 3
2657 3
3400 3
6759 3
8808 3
1930 3
8817 3
8831 3
8840 3
6798 3
2714 3
8868 3
8870 3
9330 3
6836 3
6601 3
3871 3
8896 3
8905 3
2767 3
6866 3
6867 3
6872 3
8570 3
8936 3
6889 3
8941 3
7293 3
8947 3
6909 3
6911 3
8968 3
8974 3
6927 3
8980 3
6933 3
2839 3
6939 3
8988 3
9136 3
6944 3
6948 3
7302 3
6953 3
6961 3
6975 3
3642 3
4479 3
6984 3
9042 3
6995 3
6996 3
6998 3
9052 3
7006 3
7014 3
9069 3
8462 3
7024 3
7028 3
2879 3
9090 3
9091 3
9092 3
9025 3
4588 3
3565 3
7058 3
7532 3
9119 3
2978 3
9567 3
9129 3
9133 3
7086 3
7325 3
2992 3
4507 3
9138 3
2995 3
2999 3
7101 3
3010 3
3915 3
6703 3
3027 3
9038 3
7126 3
9178 3
9179 3
7549 3
2761 3
2478 3
7152 3
9043 3
2217 3
1016 3
9044 3
9211 3
2352 3
1537 3
9225 3
7180 3
9229 3
2221 3
9233 3
3246 3
8613 3
7192 3
7193 3
2565 3
9251 3
9254 3
2225 3
7346 3
7216 3
9272 3
7233 3
9282 3
7243 3
7244 3
9295 3
2376 1
9304 3
9306 3
7260 3
9134 3
2435 3
2235 3
9319 3
9321 3
4334 3
3262 3
1470 3
1147 3
9340 3
1149 3
9343 3
9347 3
7300 3
2289 3
7308 3
7309 3
9358 3
1198 3
7550 3
9368 3
9373 3
9374 3
7336 3
9388 3
9390 3
9391 3
3250 3
9397 3
1211 3
3265 3
2251 3
3268 3
9414 3
2301 3
1232 3
9431 3
9433 3
1247 3
7393 3
9442 3
9444 3
9450 3
7378 3
9457 3
9459 3
7412 3
1918 3
3322 3
7421 3
5375 3
3332 3
3333 3
10613 3
9486 3
7469 3
1301 3
6982 3
9500 3
9502 3
1312 3
7457 3
7459 3
9517 3
9114 3
2269 3
7472 3
1332 3
1333 3
5430 3
9531 3
9533 3
6709 3
7488 3
7490 3
9540 3
5448 3
1933 3
3416 3
3425 3
3429 3
1388 3
1389 3
9583 3
8929 3
1393 3
1394 3
3450 3
3456 3
1259 3
3468 3
1425 3
9623 3
9632 3
3490 3
9636 3
1448 3
2367 3
3506 3
9652 3
9655 3
3516 3
9661 3
3518 3
9671 3
9674 3
9677 3
1486 3
6733 3
2342 3
1959 3
2298 3
3555 3
1508 3
4551 3
9706 3
3569 3
3572 3
3579 3
9130 3
1534 3
9729 3
9732 3
9734 3
9735 3
9132 3
2548 3
4555 3
1279 3
3601 3
9746 3
4014 3
9756 3
7349 3
9762 3
1573 3
3622 3
9769 3
9770 3
9778 3
1587 3
1596 3
7434 3
3648 3
9793 3
1607 0
7436 3
1535 3
3659 3
9806 3
3663 3
1617 3
9810 3
9813 3
7419 3
9821 3
9822 3
2320 3
7512 3
1640 3
8579 3
6397 3
7807 3
4420 3
9865 3
9495 3
9868 3
2332 3
9900 3
6770 3
7359 3
1148 3
1714 3
9843 3
9913 3
3770 0
8821 3
1737 3
3994 3
6673 3
1751 3
1752 3
7460 3
4150 3
1758 3
1765 3
1774 3
1778 3
1784 3
1808 3
7295 3
8768 3
2310 3
4356 3
1803 3
1804 3
2349 3
4390 3
3862 3
6448 3
1829 3
3879 3
3891 3
1856 3
3905 3
2553 3
1867 3
4066 3
6458 3
2021 3
1888 3
1889 3
3941 3
1901 3
1906 3
1910 3
1912 3
6804 3
8511 3
1917 3
3966 3
3974 3
1928 3
3978 3
3981 3
2371 3
1944 3
1946 3
7151 3
3999 3
1956 3
1962 3
1966 3
4016 3
1969 3
8931 3
1976 3
4026 3
2719 3
1981 3
1986 3
1990 3
4039 3
4043 3
4044 3
2003 3
4054 3
6106 3
2042 3
6110 3
2020 3
1772 3
2022 3
4074 3
6131 3
4084 3
4088 3
4089 3
2047 3
933 3
934 0
9968 0
4894 0
4853 0
10407 0
5165 0
4720 0
10452 0
3134 0
10262 0
4919 0
10138 0
10074 0
4766 0
10335 0
935 4
937 3
939 3
940 3
941 4
943 3
5396 3
7910 0
7785 0
1866 0
5103 0
8243 0
1876 0
3190 0
1178 0
4956 0
945 4
946 3
5839 3
947 3
3073 0
8196 0
10502 0
10247 0
10129 0
7702 0
7575 0
7940 0
5274 0
3741 0
4896 0
7842 0
4645 0
3738 0
8240 0
10549 0
10116 0
4924 0
10175 0
7744 0
10180 0
9927 0
5282 0
4815 0
10067 0
10582 0
7896 0
8160 0
5089 0
5092 0
7781 0
4714 0
10349 0
10607 0
5362 0
10355 0
10356 0
5112 0
8383 0
3837 0
10110 0
4612 0
9989 0
3231 0
4623 0
5208 0
10371 0
10516 0
10261 0
7703 0
8216 0
7706 0
8220 0
7968 0
10530 0
8155 0
4907 0
5164 0
10030 0
8072 0
10546 0
7756 0
9954 0
8015 0
8274 0
2131 0
8278 0
3160 0
7777 0
10596 0
3173 0
8049 0
7794 0
10357 0
8056 0
10362 0
4735 0
5251 0
5252 0
7557 0
4743 0
7560 0
8074 0
7819 0
3215 0
5144 0
4754 0
8084 0
7832 0
3226 0
10395 0
8350 0
5279 0
5026 0
7843 0
7847 0
7592 0
7602 0
5043 0
10421 0
7862 0
8180 0
8019 0
7611 0
7872 0
4801 0
10435 0
7626 0
1183 0
5325 0
5069 0
7800 0
7634 0
8147 0
9940 0
8150 0
5336 0
2011 0
10206 0
5087 0
5346 0
3046 0
7911 0
10216 0
5097 0
10474 0
10275 0
8177 0
8178 0
4819 0
5108 0
8182 0
951 0
7766 0
3078 0
3847 0
10248 0
9996 0
7565 0
10511 0
3737 0
4634 0
10651 0
7578 0
7582 0
10181 0
4768 0
10011 0
10118 0
4774 0
3117 0
7598 0
10653 0
8242 0
7606 0
5364 0
7938 0
8252 0
10415 0
4827 0
8265 0
4727 0
7798 0
3085 0
3156 0
7886 0
5081 0
4700 0
8361 0
7820 0
5093 0
1980 0
10023 0
8046 0
7792 0
7668 0
10230 0
10231 0
4728 0
5332 0
10106 0
10491 0
952 3
953 0
7607 0
4619 0
4748 0
2573 0
8255 0
955 3
9279 3
957 3
6086 3
8906 0
3220 0
10264 0
8096 0
7707 0
10469 0
10096 0
4792 0
960 3
4119 3
963 0
8251 0
4988 0
4864 0
7937 0
10243 0
7699 0
4628 0
4637 2
10520 0
4613 0
4644 0
1832 2
4142 0
10317 0
3157 0
4699 0
8030 0
10086 0
8299 0
2162 0
1652 0
7799 0
3705 0
3194 0
10131 0
1920 0
10128 0
10337 0
5000 0
5008 0
4755 0
3732 0
4758 0
8344 0
10396 2
10142 0
5023 0
10408 0
2169 0
3760 2
8370 0
10099 0
10164 0
8117 0
1726 0
3781 2
8045 0
10442 0
3191 0
4685 0
3795 2
7638 0
10199 0
10202 0
10204 0
2017 0
5267 0
3813 2
5928 0
7926 0
4606 0
966 0
967 0
972 0
968 3
1086 3
969 0
970 0
971 3
7648 0
1109 0
6140 0
8414 0
3845 0
975 3
976 4
977 4
3357 4
978 3
980 3
981 3
9004 0
982 3
983 3
1104 3
6267 3
984 3
2243 3
985 3
986 3
987 3
988 3
989 3
990 3
991 3
2238 3
992 3
1199 3
994 0
995 0
4750 0
996 3
997 3
998 3
2971 3
999 3
1000 0
1218 0
7755 2
1001 3
1003 3
1004 3
1005 3
1006 0
4945 0
3155 0
7764 0
8661 0
7814 0
8311 0
10250 0
5068 0
7754 0
5294 0
1883 3
1008 3
6121 3
5630 3
1010 4
1011 4
1012 4
1013 4
1014 4
1015 4
1017 4
1018 4
3365 4
1019 4
1020 4
1021 4
1022 4
1023 4
1024 4
1025 4
1026 4
1027 4
1028 4
1029 4
1031 4
1032 4
1033 4
1034 4
1035 4
1036 4
1037 4
1038 4
1039 4
1040 4
1041 4
1042 4
1043 4
1044 4
1045 4
1046 4
1047 4
1048 0
4793 0
1049 4
1050 0
5034 0
1051 4
1052 4
1053 4
1054 3
1055 4
1056 0
5145 0
5143 0
1057 4
1058 4
1059 4
1060 4
1061 4
1062 0
1206 0
1063 4
1064 4
1065 4
1066 4
1067 4
1069 4
1070 4
1073 3
1074 3
1075 4
1078 0
9245 0
2148 0
10604 0
2126 0
7636 0
10430 0
5270 0
1848 0
1849 0
1850 0
1853 0
2053 0
1081 4
1082 3
1083 3
5865 3
1084 3
3472 3
1224 3
1087 3
1096 3
1088 3
6802 3
3273 3
9557 3
9558 3
6310 3
1090 3
6640 3
4577 3
4003 3
4475 3
8077 3
2542 3
1375 3
4660 0
1092 3
1094 3
1100 3
1115 3
1095 3
8289 0
7650 0
8134 0
7687 0
5002 0
5100 0
5293 0
4784 0
8209 0
7826 0
5172 0
9945 0
10427 0
10492 0
8346 0
8223 0
8865 3
8140 3
8687 3
8918 3
1720 3
9839 3
7034 3
1103 2
8079 2
1326 2
2095 2
1106 0
1107 1
5403 1
1108 3
8854 3
3755 0
10383 0
7833 0
7708 0
4765 0
3212 0
1186 0
8027 0
8228 0
1189 0
1190 0
7975 0
5027 0
9386 0
2273 0
2357 0
3126 0
2871 0
7742 0
7615 0
8128 0
8907 0
1187 0
2509 0
10360 0
4690 0
3801 0
7644 0
3216 0
3835 0
3771 0
10090 0
1185 0
1776 0
8382 0
3066 0
7677 0
1111 0
1112 0
1113 0
4718 0
1114 0
3359 4
1117 0
4851 0
1118 0
1120 0
1122 0
4357 3
9741 3
1812 3
2606 3
6710 3
7479 3
2640 3
2395 3
2362 3
1552 3
1635 3
1636 0
6509 3
6779 3
1662 3
2176 3
8855 3
9384 3
1452 3
1524 3
6858 3
9898 3
6353 3
9691 3
8162 3
6776 3
1262 3
1521 3
6132 3
2241 0
2098 0
7835 0
10039 0
10649 0
2412 2
1422 3
1130 2
5016 2
3840 0
3080 0
5036 0
4874 0
4877 0
3086 0
5139 0
5166 0
4672 0
3097 0
3098 0
4640 0
10278 0
10026 0
4914 0
8238 0
3233 0
4665 0
7861 0
8256 0
4677 0
8006 0
3169 0
10380 0
10060 0
5199 0
7762 0
5323 0
5134 0
5206 0
5209 0
8029 0
7774 0
10593 0
10437 0
5031 0
4881 0
7787 0
7791 0
4724 0
4982 0
5238 0
7700 0
8321 0
1668 0
2438 0
3207 0
3201 0
5003 0
2188 0
5261 0
3214 0
7568 0
4760 0
10137 0
3232 0
7841 0
10402 0
10523 0
3751 0
10153 0
5035 0
3756 0
5038 0
5304 0
5310 0
4799 0
3778 0
5059 0
10182 0
10401 0
8392 0
8393 0
8394 0
8014 0
5079 0
9944 0
7642 0
10203 0
10210 0
3818 0
8336 0
3822 0
4848 0
3196 0
4935 0
4856 0
4654 0
8106 0
10239 0
3349 0
4732 2
2972 3
1137 3
1139 4
1140 0
1142 4
2581 4
1143 1
4260 1
6343 3
3245 3
3294 3
6431 3
4000 3
6178 3
6123 3
8749 3
3510 3
9470 3
6151 3
2433 3
9238 3
6552 3
2468 3
4393 3
6960 3
3383 3
9404 3
8893 3
7111 3
1994 3
2387 3
8537 3
4451 3
9660 3
7271 3
9712 3
2418 3
2601 3
9080 3
2388 3
6906 3
2559 3
1146 3
4400 3
1150 3
1151 3
1152 3
7304 3
1176 0
1177 3
1154 3
3746 0
3671 0
1182 0
3753 0
1156 0
3361 4
2522 4
1160 3
8922 3
1447 3
10020 0
4413 0
3842 0
4676 0
3768 0
3736 0
10185 0
10428 0
3726 0
7641 0
10053 0
8368 0
4647 0
8169 0
8103 0
7849 0
7748 0
5051 0
10111 0
1165 3
2389 3
1166 0
5299 0
8176 0
10051 0
5124 0
3143 0
3724 0
10189 0
10191 0
9941 0
8324 0
7727 0
10270 0
5211 0
8317 0
6579 0
7823 0
7693 0
4989 0
1170 3
1171 3
3702 0
3727 0
1240 0
4953 0
2063 0
4971 0
2557 0
1173 0
1174 3
1179 0
1180 0
1181 0
4928 0
10177 0
5025 0
7825 0
7701 0
4950 0
5114 0
5344 0
8051 0
8277 0
8260 0
7610 0
7587 0
7976 0
7944 0
4717 0
3698 0
10618 0
7867 0
8067 0
7583 0
8200 0
7945 0
8204 0
10002 0
7637 0
7966 0
10373 0
7840 0
5156 0
5221 0
3830 0
8120 0
5182 0
10543 0
10457 0
7946 0
3083 0
5263 0
1191 4
1192 3
1193 0
2133 0
3839 0
2500 4
1221 4
2502 4
2504 4
2505 4
2506 4
2507 4
2508 4
1762 4
2510 4
2511 4
6036 4
2501 4
3032 4
3038 4
2718 4
3040 4
2503 4
1201 4
8478 4
6264 4
2938 4
3111 4
3039 4
1196 4
1197 3
8554 3
6499 3
6388 3
10630 3
6646 3
1828 3
10628 3
1200 0
7995 0
2123 0
1202 3
1203 0
1204 0
1205 0
1207 0
1208 0
4664 0
1209 0
1230 0
1619 0
2419 0
9493 0
3719 0
2314 0
4846 0
9268 3
1212 3
1213 0
5297 0
4850 0
1215 3
1217 0
7923 0
10215 0
10426 0
3831 0
4608 0
5057 0
8131 0
3204 0
10310 0
8231 0
10321 0
10007 0
1277 0
7880 0
10293 0
3127 0
10136 0
4666 0
7965 0
7805 0
10590 0
1219 4
6311 3
1226 0
4641 0
1227 0
1228 3
3694 0
4033 3
7252 3
1233 0
7088 3
1820 3
4581 3
1239 3
6726 3
9104 3
7065 3
2016 3
3630 3
4015 3
8784 3
1242 3
2896 3
6016 3
5804 3
1243 4
1245 3
1246 0
4805 0
1252 3
1253 3
1256 3
1260 3
1261 3
1263 3
1264 3
1265 3
1267 3
1269 0
6607 0
1270 3
1273 0
1278 3
1280 3
1291 0
3069 0
10560 0
5220 0
2150 0
7663 0
10621 0
1294 3
1296 3
1297 3
1302 3
1304 3
1308 3
7234 3
1311 3
1313 3
1314 0
1315 3
1316 3
1320 3
1321 3
1324 3
9300 3
1330 3
1334 3
1335 3
1339 3
1340 0
2274 3
1341 3
1343 3
1344 0
1346 3
1347 3
1349 3
1768 3
1350 3
1900 3
1353 3
1354 3
1355 0
10622 0
1356 3
1359 0
10167 0
1362 3
8793 3
2383 3
1413 0
2832 0
3860 0
1561 0
8092 0
1560 0
8161 0
4388 0
3877 0
10489 0
9640 0
3947 0
8189 0
1397 0
1370 3
1371 3
1373 3
2368 3
2673 3
3508 3
3350 3
2730 3
2394 3
4077 3
1384 3
1385 3
2770 3
1387 3
1390 3
1391 3
1398 3
1399 3
1402 3
1404 3
1405 3
1411 3
1414 3
1416 3
9905 3
1418 3
1419 3
1426 3
1427 3
1428 3
1433 3
4480 3
4496 3
1438 3
1444 3
1445 3
1449 3
1454 3
1455 3
1458 3
1459 3
1460 3
1464 3
1466 3
1469 3
1471 3
8915 3
1475 3
1476 3
1477 3
1480 3
1481 3
1482 3
1485 3
1488 3
1490 3
2056 3
7403 3
1645 3
6610 3
9603 3
2140 3
3929 3
7470 3
1498 3
1500 4
1503 3
1505 3
1507 3
1509 3
1514 3
1516 3
1518 3
1520 3
1522 3
9454 3
1523 3
1525 3
1529 3
1530 3
8542 3
1531 3
1532 3
1533 3
8890 3
3020 3
1541 3
1542 3
1545 3
1548 3
1550 3
1551 3
9213 3
1556 3
1557 3
1562 3
1563 3
5588 3
1565 3
1566 3
1567 3
4600 3
1568 3
1574 3
5486 3
2821 3
2824 3
2826 3
5643 3
2828 3
2833 3
2834 3
2835 3
2836 3
2842 3
2844 3
4387 3
5925 3
1576 3
1588 3
1591 3
2616 3
5945 3
5642 3
5472 3
1604 3
1605 3
5473 3
5644 3
3407 3
4178 3
2899 3
5463 3
5467 3
4190 3
4191 3
4192 3
4193 3
4194 3
5477 3
4202 3
2709 3
9740 3
1597 3
5797 3
2731 3
5679 3
1578 3
4298 3
4301 3
4302 3
4305 3
4309 3
1601 3
4311 3
1593 3
9702 3
4295 3
5372 3
1584 3
9667 3
6309 3
4297 3
2863 3
9680 3
1586 3
5469 3
1580 3
1582 3
3079 2
2287 2
1585 3
4180 3
2304 3
4292 3
5461 3
3959 3
2862 2
5926 3
4531 3
6407 3
4304 3
6002 3
4195 3
5471 3
1598 3
5475 3
4197 3
4296 3
5459 3
4315 3
4188 3
5631 3
1603 3
4201 3
5626 3
1606 4
3091 0
3186 0
10277 0
1610 3
1612 3
1613 3
9140 3
1616 3
3403 3
1618 3
1674 3
3415 3
9749 3
9750 3
6707 3
2077 3
9766 3
6701 3
9263 3
8457 3
8764 3
8772 3
6730 3
9291 3
9315 3
5204 0
5722 3
7261 3
7185 3
8551 3
6254 3
6765 3
9872 3
8858 3
5146 0
4607 3
6314 3
6740 3
2741 3
7351 3
6840 3
2242 3
6940 3
9676 3
6864 3
6865 3
8914 3
6876 3
2272 3
8422 3
9112 3
6387 3
6405 3
8971 3
6354 3
6932 3
4058 3
7463 3
6449 3
6968 3
4466 3
7137 3
2378 3
8506 3
3412 3
8023 0
4122 3
2960 3
6593 3
4473 3
2427 3
6537 3
3055 3
4543 3
7105 3
9161 3
7116 3
6648 3
8711 3
4056 3
7125 3
4605 3
1892 3
2533 3
2041 3
9248 3
7541 3
1882 1
8541 3
2746 3
6377 3
1627 3
1630 3
2928 3
1633 3
1634 3
7157 3
7515 3
1638 3
1639 3
3777 2
4931 2
5126 2
10505 2
3850 2
10255 2
10193 2
6674 2
5012 2
4828 2
8285 2
4772 2
3817 2
4650 2
4849 2
4926 2
1644 3
1646 3
1647 3
1649 3
1650 3
3168 0
8114 0
4610 0
4621 0
1657 3
1663 3
1664 3
1666 3
1667 3
5345 0
1669 3
1670 0
6987 3
8561 3
5431 3
7416 3
1672 3
1675 3
3249 3
1678 3
1681 3
1682 3
1683 3
1686 3
1687 3
1692 3
1693 3
1694 3
1695 3
1696 3
10042 0
1700 3
1702 3
1703 3
1704 3
1706 3
1708 3
1710 3
1712 3
1715 3
2696 2
10341 2
3065 2
5055 2
1724 3
9149 3
10532 3
10178 0
4868 0
7942 0
7617 0
9928 0
3107 0
8286 0
7853 0
10192 0
8022 0
3099 0
10589 0
4639 0
10272 0
10594 0
4837 0
10091 0
3381 0
5235 0
1855 0
5857 3
6023 3
5580 3
1728 3
1729 3
1731 3
1732 3
1733 3
1734 3
1736 3
1738 3
1739 3
1740 3
1741 3
1744 3
5592 3
1746 3
1747 3
1921 3
1756 3
4034 3
1761 3
1766 3
1770 3
1780 3
1783 3
1785 3
1789 3
9186 3
4246 3
5384 3
4234 3
4235 3
4244 3
4245 3
6038 3
4280 3
5617 3
4267 3
5422 3
5558 3
5433 3
4285 3
5560 3
6090 3
6091 3
2253 3
5584 3
4278 3
5712 3
4326 3
5480 3
5719 3
4214 3
1791 3
1793 3
1796 3
1798 3
2291 3
3284 3
2994 3
1801 3
1802 3
1805 3
1806 3
7316 3
1809 3
1810 3
1813 3
4486 3
1814 0
1815 3
1816 3
1818 3
1819 3
1824 3
1826 3
2034 3
1830 3
1831 3
5234 2
8212 2
7580 2
9147 3
5402 3
5423 3
9527 3
2943 3
4503 3
4252 3
3527 3
9367 3
5817 1
6108 3
3299 3
1843 3
1844 3
1851 3
1854 0
1859 2
10625 2
4802 2
5355 2
8198 2
5127 2
8332 2
10509 2
8207 2
2576 2
5071 2
8210 2
2580 2
10069 2
7745 2
4762 2
4770 2
7963 2
8102 2
10150 2
8039 2
7720 2
8362 2
3819 2
4716 2
10478 2
7985 2
5113 2
4929 2
1860 3
4797 0
4930 0
7962 0
4987 0
4968 0
10367 0
8236 3
8241 0
3829 0
4975 0
10229 0
10232 0
8249 0
1862 3
1863 0
4811 0
1864 3
1874 3
4611 0
2568 0
5039 0
1877 3
1879 3
1891 3
4055 3
6758 3
6892 3
1895 3
9249 3
9530 3
5474 3
4184 3
2488 3
2845 3
2462 3
9230 3
7206 3
7223 3
7236 3
2129 3
4182 3
4189 3
6252 3
9363 3
9382 3
9389 3
3445 3
2245 3
2257 3
3290 3
8411 3
8415 3
7396 3
5351 0
6384 3
9461 3
8438 3
7415 3
9590 3
4364 3
2434 3
8491 3
9779 3
4407 3
4416 3
7539 3
7491 3
5446 3
3399 3
6474 3
4430 3
2391 3
8979 3
4449 3
2414 3
6514 3
8573 3
6540 3
6723 3
4508 3
6560 3
9458 3
8623 3
2489 3
3519 3
6592 3
6609 3
6622 3
2529 3
2530 3
2534 3
8682 3
8686 3
5622 3
6658 3
3591 3
3600 3
6403 3
2588 3
2596 3
2627 3
8810 3
8830 3
9861 3
6500 3
8842 3
7828 0
4591 3
6809 3
6811 3
9884 3
2722 3
8872 3
6399 3
8887 3
8991 3
6092 3
6899 3
8957 3
7425 3
9858 3
2830 3
3890 3
9423 3
9063 3
5941 3
5942 3
6976 3
9031 3
2359 3
4360 3
9096 3
7050 3
6979 3
9881 3
6127 3
3398 3
7153 3
6643 3
4030 3
4087 3
4049 3
2033 3
2039 3
9210 3
7165 3
4299 3
2861 3
2865 3
5621 3
5625 3
4187 3
1907 3
1908 3
1915 3
1916 3
7809 0
8232 0
4614 0
2110 0
1922 3
1924 3
1926 3
1932 3
1934 3
1936 3
1941 3
1943 3
1945 3
1948 0
10387 0
9205 0
2578 0
4991 0
1949 3
1950 3
1951 3
1953 3
1954 3
1955 3
1960 3
6660 3
1964 3
1967 3
1968 2
1970 3
1973 3
1974 3
1975 3
1977 3
4845 0
4854 0
1982 3
1984 2
7913 2
3711 2
1987 3
1995 3
1996 3
1998 3
2000 3
2005 3
10048 0
4737 0
8386 0
10054 0
7649 0
10252 0
4887 0
9939 0
4884 0
3159 0
5153 0
2178 0
7714 0
10147 0
4870 0
7654 0
8170 0
3718 0
9969 0
8190 0
8055 0
10244 0
2013 0
5157 0
2014 0
6612 3
2023 3
2024 3
2025 3
2026 0
2027 3
2028 3
2030 3
2032 0
8112 0
8335 0
2038 3
2044 3
2045 3
2048 0
2049 3
5302 0
3081 0
7691 0
4624 0
5155 0
4655 0
4659 0
7741 0
5186 0
5193 0
7694 0
4707 0
2660 0
4713 0
3180 0
3686 0
7793 0
5225 0
8312 0
2172 0
4925 0
2186 0
4749 0
8338 0
3733 0
2199 0
4804 0
3739 0
3743 0
3100 0
8366 0
10419 0
4789 0
7789 0
3782 0
5328 0
5331 0
4821 0
3800 0
4825 0
7796 0
3076 0
5349 0
5296 0
4852 0
10485 0
7960 0
4909 0
4937 0
9949 0
3377 0
4921 0
4939 0
10296 0
9554 0
8031 0
10081 0
4965 0
3217 0
2416 0
8052 0
3763 0
8054 0
4998 0
7821 0
10121 0
5004 0
5005 0
8078 0
5357 0
7572 0
7574 0
5022 0
5041 0
8116 0
4942 0
7585 0
5065 0
7586 0
5283 0
5086 0
5095 0
7667 0
3063 0
3070 0
3071 0
2054 3
2055 3
2058 3
2059 3
2060 3
2066 3
2067 3
2071 3
2073 3
2076 3
2079 3
2120 3
6440 3
2082 3
2083 3
2085 3
2087 0
2091 3
4992 0
9987 0
7812 0
8328 0
4745 0
8330 0
7569 0
4882 0
10499 0
5141 0
5278 0
5104 0
7622 0
7846 0
5163 0
4744 0
7989 0
5048 0
5322 0
10303 0
7750 0
3274 0
4663 0
10316 0
8024 0
7811 0
10455 0
10328 0
8025 0
5339 0
7645 0
4958 0
10082 0
10597 0
9959 0
7660 0
8173 0
10095 0
7920 0
10481 0
5363 0
10101 0
9974 0
7929 0
8186 0
7601 0
4893 2
7879 2
3337 2
5123 2
8148 2
7726 2
3794 2
4957 2
5067 2
5285 2
8227 2
4901 2
8359 2
7666 2
8306 2
8245 2
5046 2
8345 2
10132 2
4885 2
2101 3
2102 2
2103 3
7099 3
2104 3
2105 3
2108 0
8076 0
3744 0
6769 3
2116 0
2117 0
8369 0
3095 0
10286 0
3094 0
10263 0
2122 3
2125 2
10366 2
2127 3
2128 3
2132 3
2652 0
5090 0
7875 0
3812 0
5366 0
8235 0
4972 0
6380 0
7955 0
10068 0
7894 0
7884 0
10218 0
2136 3
2138 0
3084 0
2143 0
2144 2
2145 3
3005 3
2146 3
2149 3
2151 3
2152 3
2153 3
8193 0
3717 0
7561 0
5196 0
10581 0
3803 0
7838 0
9953 0
7717 0
10092 0
9966 0
3229 0
8307 0
8247 0
2155 3
7405 3
3253 3
4425 3
2925 3
2334 3
2158 3
4996 0
2187 0
7651 0
7696 0
3740 0
10209 0
8099 0
4653 0
8111 0
7813 0
8351 0
8258 0
4888 0
3783 0
7564 0
7865 0
4955 0
3807 0
4667 0
7782 0
5265 0
3688 0
7918 0
10276 0
10438 0
7885 0
2575 0
4977 0
10361 0
6181 0
2163 0
8388 0
7690 0
10251 0
10025 0
3150 0
7735 0
10084 0
7710 0
7584 0
10465 0
8356 0
7850 0
10343 0
7852 0
10477 0
9988 0
10089 0
7743 0
7952 0
7827 0
7573 0
10016 0
5286 0
10535 0
4946 0
8376 0
10173 0
10194 0
10070 0
5083 0
7653 0
5223 0
10122 0
5236 0
10107 0
7934 0
7740 0
2165 3
2166 3
2167 3
2170 3
2171 3
10563 0
8069 0
10055 0
6921 0
10447 0
8297 0
10588 0
8122 0
7675 0
8292 0
7334 0
8105 0
10027 0
10221 0
10610 0
8184 0
10554 0
5179 0
10172 0
10431 0
2173 3
2174 3
2175 3
3712 0
9985 0
5099 0
7559 0
2444 0
9999 0
7698 0
10003 0
10115 0
8093 0
10274 0
4891 0
4902 0
5291 0
10284 0
5298 0
10287 0
7857 0
4786 0
7863 0
5308 0
10432 0
8257 0
9935 0
8071 0
4695 0
10075 0
9951 0
7775 0
10336 0
8379 0
7780 0
8559 0
3132 0
5354 0
8221 0
5246 0
3796 0
3834 0
7678 0
2180 3
2181 0
2183 2
2184 0
2185 3
7747 0
10436 0
8166 0
5158 0
4777 0
7633 0
4818 0
10555 0
9990 0
5301 0
10390 0
10041 0
2189 3
2190 3
3767 0
2193 2
7525 0
4923 0
2666 0
2201 3
2202 3
2203 3
2204 3
9682 3
2206 2
2207 0
10149 0
3750 0
5350 0
10377 0
5259 0
8300 0
9936 0
2769 0
5242 0
8315 0
10207 0
2210 3
9217 3
4523 3
4104 3
3598 3
9751 3
9757 3
2991 3
3621 3
4541 3
6716 3
7009 3
8785 3
3669 3
3678 3
8799 3
9317 3
7356 3
3858 3
9491 3
4147 3
9860 3
7147 3
6795 3
8965 3
6292 3
6297 3
6296 3
6767 3
2757 3
6826 3
8879 3
2736 3
9396 3
3255 3
2754 3
8481 3
6857 3
9895 3
9436 3
8930 3
9467 3
8451 3
9487 3
8472 3
6454 3
7150 3
9553 3
2393 3
9593 3
2400 3
3433 3
4461 3
4465 3
7497 3
3963 3
9599 3
9604 3
8581 3
8582 3
2881 3
6636 3
3309 3
2965 3
3992 3
9628 3
4514 3
9649 3
9142 3
8647 3
8654 3
7501 3
9549 3
9174 3
6119 3
9847 3
8754 3
9197 3
9198 3
9201 3
7156 3
2212 3
2404 3
2223 3
2224 3
2232 3
2233 3
2237 3
2239 3
3021 3
2240 3
2246 0
6793 3
6667 3
5442 3
2254 3
2255 3
2256 3
4675 0
10109 0
4617 0
5327 0
4756 0
4824 0
7643 0
2275 3
3635 3
4011 3
2805 3
2284 3
2286 3
4166 3
5866 3
5415 3
4163 3
5521 3
6098 3
5683 3
5681 3
2904 3
5369 3
2876 3
5386 3
4052 3
3977 3
3597 3
2293 3
2295 4
4481 3
6978 3
2617 3
3239 3
4470 3
2308 3
6170 3
4145 3
8234 3
2312 3
9837 3
2321 3
2322 3
2328 3
2336 3
9220 3
8706 3
9250 3
9909 3
7179 3
9720 3
7241 3
4181 3
7257 3
7270 3
10347 3
10351 3
8316 0
8326 0
9351 3
9369 3
10397 3
7344 3
9402 3
5311 0
4303 3
6418 3
9462 3
9088 3
9479 3
9494 3
7044 3
9506 3
4423 3
9551 3
7505 3
7519 3
9571 3
4456 3
9589 3
4476 3
7404 3
9616 3
4521 3
8633 3
2493 3
6596 3
8983 3
4312 3
7518 3
5629 3
5633 3
5634 3
8708 3
8722 3
9764 3
8284 3
9783 3
2623 3
6724 3
9656 3
8807 3
8848 3
5789 3
9890 3
8882 3
9921 3
6851 3
8901 3
8904 3
2338 3
3875 3
8917 3
8959 3
2822 3
6925 3
3876 3
5938 3
3902 3
10047 3
10056 3
8513 3
9882 3
4027 3
10176 3
2720 3
9169 3
7162 3
7148 2
4090 3
6143 3
7211 3
2344 3
6149 3
6156 3
6162 3
6169 3
6173 3
4103 3
6191 3
7523 3
6230 3
4183 3
4198 3
6280 3
4369 3
6315 3
6335 3
7385 3
8412 3
8418 3
8436 3
6390 3
8577 3
4373 3
9011 3
8483 3
4389 3
8489 3
6443 3
4397 3
6456 3
2365 3
4422 3
8530 3
6491 3
8540 3
8547 3
4453 3
10601 3
6526 3
8576 3
6529 3
8587 3
6554 3
2466 0
6566 3
2477 3
2803 3
6582 3
6604 3
4561 3
6616 3
8678 3
2543 3
8689 3
7254 3
2472 3
8734 3
2607 3
8753 3
6708 3
3166 3
6712 3
7263 3
8765 3
2639 3
6754 3
6755 3
8812 3
6775 3
6783 3
6568 3
6934 3
6817 3
4776 0
6825 3
6831 3
6835 3
2753 3
6853 3
2776 3
6886 3
6890 3
4855 3
8958 3
2819 1
9350 3
6955 3
7306 3
6981 3
2890 3
7005 3
6630 3
9068 3
7026 3
7030 3
7031 3
2939 3
9094 3
2957 3
5019 0
7095 3
7100 3
7104 3
7107 3
6307 3
8421 3
9203 3
9231 3
3090 0
9241 3
7200 3
7202 3
2422 3
2569 3
7224 3
4961 0
9294 3
7352 3
3567 3
7264 3
7278 3
7284 3
9344 3
7326 3
3237 3
9395 3
4980 3
6348 3
5292 0
9432 3
9434 3
7387 3
7543 3
3310 3
7422 3
9473 3
7429 3
5383 3
7545 3
9508 3
9514 3
9546 3
3405 3
9550 3
9556 3
9561 3
7514 3
9574 3
9596 3
9609 3
7563 2
3478 3
5534 3
3487 3
3491 3
9648 3
7482 3
7414 3
9675 3
9681 3
4355 3
9763 3
3626 3
2653 3
8456 3
5645 3
3649 3
7435 3
3652 3
9800 3
3660 3
3676 3
9826 3
3700 0
9851 3
3710 0
9894 3
9906 3
10529 3
5859 3
9967 3
2348 3
8836 3
10028 3
4402 3
3903 3
6796 3
7483 3
3940 3
3957 3
4415 3
3968 3
3972 3
3973 3
3983 3
3409 3
4019 3
4029 3
6669 3
4067 3
4068 3
6122 3
6133 3
9215 3
2354 2
7312 3
3171 0
5075 0
8372 0
4649 0
4683 0
4994 0
2771 3
2361 4
2369 3
2690 3
2525 3
6785 3
9736 3
2712 3
8607 3
2594 3
2725 3
8743 3
4392 3
6954 3
4146 3
8523 3
8401 3
7379 3
9051 3
4065 3
3316 3
2373 3
4261 1
5752 1
4220 1
5548 1
2377 3
2380 3
7816 0
3852 0
7581 0
4899 0
4910 0
10598 0
7662 0
10352 0
3198 0
2396 3
2397 3
6502 3
2403 3
2797 3
2774 3
4284 3
2405 3
2499 3
8747 3
3345 3
10327 0
5082 0
8174 0
10157 0
2417 3
3525 3
4114 3
2619 3
2425 3
9103 3
2431 3
9820 3
4469 3
3865 3
2437 3
9773 3
2659 3
3051 3
2461 3
2693 0
6238 0
3984 0
8994 0
3431 0
4149 0
9654 3
6524 0
3210 3
2446 1
5419 3
5389 3
4270 3
5842 3
5716 3
5556 3
4157 3
2453 3
2456 0
6665 0
2459 3
9896 3
6333 3
2463 1
2817 1
5892 1
5893 1
5895 1
5897 1
5901 1
5831 1
5648 1
5906 1
5891 1
5653 1
5655 1
5914 1
5659 1
5916 1
5662 1
3378 1
5909 1
5685 1
5911 1
5687 1
5690 1
5694 1
5695 1
5697 1
5698 1
5699 1
5701 1
5705 1
5962 1
5963 1
5965 1
5710 1
5968 1
5974 1
5975 1
5977 1
2689 1
5980 1
5981 1
5982 1
5983 1
2875 1
5738 1
5740 1
5693 1
5744 1
6073 1
5747 1
5749 1
5750 1
5751 1
4216 1
4217 1
4218 1
4219 1
4221 1
5759 1
5761 1
2911 1
5765 1
6081 1
6082 1
5918 1
5523 1
5524 1
5527 1
5972 1
5828 1
6045 1
6050 1
6053 1
6056 1
5545 1
5547 1
6063 1
5811 1
5812 1
5813 1
6070 1
5816 1
6047 1
5820 1
5706 1
5822 1
5567 1
5568 1
5825 1
5826 1
5571 1
5572 1
5573 1
5830 1
5575 1
5576 1
5577 1
5578 1
5754 1
5755 1
5604 1
5609 1
5702 1
5614 1
6057 1
2811 1
2814 1
6163 3
7067 3
2551 3
2467 3
2469 3
9299 3
9607 3
4511 3
2473 3
8693 3
2476 1
6747 3
2483 0
3522 3
7290 3
5541 3
5494 3
2490 3
2698 3
9348 3
4808 0
2516 4
2517 3
7296 3
6166 3
9379 3
9621 3
4383 3
8649 3
8762 3
6974 3
8902 3
4094 3
3161 3
8927 3
8615 3
9964 3
2661 3
2519 3
2524 3
6472 3
2526 3
2531 3
2532 3
2539 3
6731 3
9485 3
8975 3
9752 3
3869 3
4050 3
6433 3
8482 3
4394 3
9281 3
9730 3
6412 3
7245 3
3640 3
8846 3
9316 3
9663 3
3515 3
6235 3
9824 3
6757 3
3413 3
9842 3
3956 3
9082 3
2638 3
9602 3
8853 3
3611 3
7089 3
7430 3
7081 3
3015 3
7342 3
7091 3
7458 3
7440 3
3411 3
9253 3
8432 3
4348 3
5889 1
5829 1
5569 1
5896 1
5900 1
6071 1
5836 1
5613 1
2963 1
5746 1
5976 1
5405 1
2910 1
6052 1
5606 1
5525 1
5763 1
5815 1
6065 1
6069 1
5814 1
6072 1
2547 3
2549 3
3798 3
3846 0
4680 3
2936 1
4256 3
2921 3
2552 3
4478 3
4951 3
9605 3
9620 3
9626 3
6698 3
3401 3
9536 3
7399 3
2560 3
2561 0
2562 3
2563 4
2931 4
7035 3
2930 3
4167 3
6089 3
5675 3
5581 3
2895 3
5841 3
5844 3
2777 3
6100 3
6000 3
2789 3
2810 3
5554 3
5492 3
2806 3
2889 3
2676 3
2877 3
6014 3
2572 3
7590 0
2574 3
5288 2
2577 0
2579 0
2582 0
3112 0
3109 0
3110 0
2584 0
2587 0
5483 3
5484 3
2923 3
4153 3
2590 0
5197 0
2591 0
10237 0
2593 3
2599 0
2605 3
8811 3
4487 3
2614 3
9539 3
9365 3
4136 3
6713 3
4086 3
6569 3
6329 3
2625 3
2626 3
3531 3
6400 3
4099 3
9353 3
7178 3
7439 3
6547 3
3988 3
6895 3
6175 3
6688 3
7330 3
7204 3
7443 3
7212 3
9264 3
3633 3
6706 3
6771 3
4151 3
8507 3
6204 3
6210 3
9804 3
9548 3
9166 3
6225 3
9683 3
6357 3
8534 3
7255 3
9061 3
4069 3
9440 3
4578 3
8932 3
3408 3
8934 3
6371 3
9339 3
10602 3
7276 3
6896 3
6861 3
7177 3
9846 3
7049 3
8127 3
3325 3
3619 3
6964 3
2632 3
2635 0
2641 3
3304 3
2643 3
2644 3
2645 3
2646 3
3279 3
4243 3
2887 3
2649 3
8824 3
2654 3
2658 3
10208 0
5062 0
4966 0
7746 0
10322 0
5340 0
7801 0
7736 0
7629 0
5115 0
8261 0
2664 3
8410 3
8725 3
9888 3
9260 3
9023 3
8640 3
8514 3
9157 3
7008 3
8426 3
8681 3
9322 3
2672 3
2674 3
2675 3
2682 3
6784 3
7372 3
2686 3
5919 1
6126 3
2694 3
6177 3
2695 3
2699 3
2702 4
2704 3
2706 3
2711 3
2713 3
2716 4
2721 3
2723 3
2726 3
7524 3
5120 0
6705 3
9278 0
3145 0
10429 0
3708 0
8849 0
3013 3
7195 0
10414 0
8895 0
9464 3
7417 0
9429 3
8989 0
7484 0
7540 0
3235 0
10648 0
2785 3
5883 3
4232 3
2733 3
2735 3
5490 3
2909 3
6800 3
7144 3
7064 3
6248 3
6915 3
8920 3
6417 3
8801 3
7288 3
8423 3
2750 3
9357 3
9748 3
6533 3
9034 3
6219 3
5714 3
7526 3
8430 3
7529 3
5887 3
9040 3
2760 3
2763 0
2765 4
10032 0
10547 0
2772 3
2773 4
4237 3
2779 3
2781 4
2783 3
2784 3
5713 3
5953 3
5591 3
2892 3
5806 3
5600 3
5730 3
2804 3
5586 3
2787 3
2788 3
4289 3
4172 3
5852 3
5731 3
2924 3
5517 3
6042 3
5884 3
2793 3
5993 3
5381 3
4177 3
4257 3
2934 3
5498 3
5377 3
5952 3
2885 3
5720 3
5994 3
5950 3
5501 3
4233 3
2798 3
6040 3
4276 3
5784 3
3014 3
2807 3
5843 3
5796 3
4321 3
5873 3
5619 3
3062 3
2808 3
5371 3
6020 3
5420 3
2800 3
5874 3
5443 3
5508 3
5387 3
5837 3
5455 3
5553 3
5427 3
5849 3
5947 3
2802 3
4325 3
4272 3
5805 3
4286 3
4254 3
4169 3
5879 3
5434 3
4253 3
5449 3
5500 3
5949 3
2812 3
5650 1
2816 1
2818 1
5985 1
5570 1
6051 1
5917 1
6054 1
5704 1
5546 1
5964 1
6077 1
5823 1
5661 1
2820 1
4196 3
5933 3
2827 3
4294 3
2841 3
2829 3
2831 3
2852 3
5930 3
5637 3
5511 3
2854 3
5927 3
5457 3
5476 3
2840 3
2843 3
2849 3
5639 3
4171 3
2846 3
2847 3
5924 3
5465 3
5628 3
5931 3
5937 3
5458 3
5943 3
4186 3
3082 0
2853 3
2855 3
2856 3
5641 3
5462 3
5470 3
5929 3
5638 3
5932 3
9716 3
5627 3
2859 0
2860 4
5934 3
5935 3
5936 3
5460 3
5944 3
5940 3
5479 3
2868 3
5596 3
6032 3
5769 3
3122 0
8135 0
8073 0
10066 0
10484 0
9976 0
10044 0
3008 3
5379 3
5493 3
5515 3
5984 1
5656 1
5594 3
2878 1
5999 3
6026 3
5774 3
6083 3
9827 3
5992 3
5801 3
5802 3
6013 3
2884 3
2914 3
5772 3
2917 3
2898 3
5721 3
5848 3
3802 3
5727 3
5724 3
5663 3
5890 1
5894 1
5898 1
5899 1
5647 1
5905 1
5907 1
5908 1
5654 1
5658 1
5404 1
5406 1
5407 1
5408 1
6066 1
5686 1
5688 1
5439 1
5440 1
5441 1
5526 1
5959 1
5961 1
5709 1
5966 1
5970 1
5973 1
5903 1
5986 1
5987 1
5988 1
6075 1
5739 1
5741 1
5742 1
5745 1
5438 1
5756 1
5757 1
5758 1
5760 1
6080 1
5762 1
5764 1
5707 1
6048 1
4263 1
5696 1
6046 1
6049 1
4258 1
5543 1
5544 1
6061 1
5902 1
6068 1
5819 1
6076 1
6079 1
5832 1
5833 1
5835 1
4259 1
5605 1
5607 1
5610 1
5611 1
4264 1
6058 1
5507 3
5509 3
5512 3
5451 3
5549 3
5561 3
5533 3
6095 3
2900 3
2902 3
4323 3
4205 3
4207 3
5767 3
5518 3
4317 3
5418 3
4212 3
6043 3
5488 3
6060 1
2913 3
2915 3
4275 3
5485 3
5779 3
5781 3
5782 3
5785 3
2919 3
2920 3
4274 3
5783 3
5791 3
5788 3
7063 3
2929 3
4520 3
5399 3
2933 3
5574 1
6022 3
5478 3
6008 3
6015 3
2946 3
5794 3
2947 3
6148 3
6358 3
9420 3
6242 3
6223 3
6801 3
6803 3
6905 3
3928 3
6877 3
6434 3
6904 3
6761 3
6442 3
4529 3
6584 3
6715 3
6847 3
9684 3
2955 3
2956 3
3657 3
2967 3
3470 3
4371 3
10652 3
9960 3
2974 0
2975 3
2977 3
2980 3
6308 3
6150 3
6422 3
9110 3
7068 3
9477 3
6182 3
6187 3
9183 3
6972 3
9187 3
4474 3
2988 3
3370 3
2993 3
7424 3
4048 3
5748 1
4421 3
3003 3
3321 3
3006 3
3007 3
3011 3
10389 0
7588 0
10655 0
8593 3
3019 3
3022 3
3023 3
3026 3
7335 3
3030 3
3033 4
3034 0
3037 3
3041 3
9775 3
3042 4
3043 4
3354 4
3358 4
3362 4
9002 4
3404 4
3172 4
3465 4
3351 4
3355 4
3356 4
4004 4
3272 4
5096 4
6130 4
7854 0
3053 3
5316 0
8070 0
4746 0
4622 0
7953 0
10542 0
10213 0
5358 0
5359 0
4979 0
4788 0
8313 0
8060 0
3200 0
4869 0
10634 0
7917 0
8081 0
10133 0
10154 0
3146 0
3843 0
8159 0
4832 0
10217 0
3058 0
3059 0
3061 0
6439 0
7941 0
3064 2
3684 0
10166 0
3101 0
3067 0
4798 0
4898 0
3780 0
7979 0
8183 0
10440 0
5224 0
10015 0
7908 0
10282 0
7757 0
10225 0
3130 0
4671 0
3691 0
3075 0
7719 0
4878 0
7697 0
10258 0
4795 0
10536 0
10410 0
7600 0
10038 0
8129 0
3759 0
8143 0
5219 0
7972 0
8040 0
9965 0
3695 0
10100 3
3701 0
3704 0
3833 0
8314 0
10668 0
3728 0
6528 0
4976 0
7620 0
5254 0
4679 0
4936 0
5198 0
10200 0
8222 0
3745 0
7652 0
5021 0
4656 0
4913 0
3123 0
4918 0
3827 0
4661 0
8354 0
4642 0
4912 0
4342 0
9938 0
5137 0
3087 0
4872 0
3158 0
8086 0
3089 0
3832 0
10119 0
8341 0
3092 0
3093 0
3096 0
10290 0
3797 0
10463 0
7855 0
8179 0
8172 0
3102 2
7883 2
5258 0
8339 0
5088 0
7907 0
3104 0
3105 2
4900 0
3108 0
9992 0
5135 0
3114 2
3836 2
10379 0
10087 0
10267 3
3118 0
10569 0
3138 0
8165 0
10045 0
3120 2
6559 3
3124 2
3125 0
3473 0
10305 0
3128 0
9991 0
3129 2
3131 0
3187 0
3153 0
4806 0
5222 0
10454 0
4892 0
10312 0
9977 0
5162 0
7935 0
3135 0
5321 0
8057 0
5061 0
3139 2
8367 0
3141 0
3144 0
3147 0
3149 0
10577 0
7724 0
7682 0
3546 3
4138 3
4408 0
4674 0
3596 0
4682 0
8590 3
9234 0
4974 0
4723 0
4730 3
3720 0
3725 0
3815 0
7824 0
3503 3
10466 0
10318 3
3554 3
6128 0
4860 0
3152 0
3208 0
4705 0
8108 0
3814 0
7689 0
7802 0
10315 0
8348 0
7738 0
10271 0
3849 0
10608 0
10059 0
8017 0
7893 0
10238 0
7874 0
7810 0
3162 3
6880 3
4564 3
3163 0
7369 0
3167 2
7980 0
10375 0
8363 0
10158 0
5042 0
5342 0
7685 0
3174 0
7625 0
10123 0
4366 0
7759 0
5330 0
7957 0
3735 2
5044 0
7669 0
3177 2
3178 0
8199 0
5037 0
10525 0
5247 0
3183 0
3184 0
3185 2
5045 0
3188 2
4785 2
5189 2
10635 2
7692 2
4963 2
10260 2
3696 2
5029 2
10534 2
4711 2
10155 2
4844 2
4721 2
4922 2
10033 2
3192 2
3193 2
10631 2
7924 0
4960 0
10417 0
8062 0
10638 0
7737 0
4920 0
10553 0
10540 0
4686 0
3197 0
3616 0
10052 0
3205 3
10503 0
7977 0
10186 0
7627 0
8333 0
5203 0
5205 0
10583 0
5231 0
7994 0
4873 0
10538 0
7618 0
7665 0
8185 0
7632 0
7659 0
4715 0
3211 0
4880 0
8281 0
8013 0
4911 0
7768 0
5249 0
10146 0
7686 0
10568 0
3690 0
8075 0
10480 0
7889 0
7870 0
8290 0
10222 0
5365 0
5017 0
5338 0
3218 0
3222 0
3223 0
4673 0
10372 0
8136 0
9993 0
5047 0
4812 0
7928 0
8217 0
4684 0
10117 0
7712 0
10420 0
8357 0
10537 0
8237 0
10557 0
8296 0
7987 0
7990 0
8201 0
5176 0
3769 0
7604 0
8115 0
10046 0
3224 0
3228 0
3230 0
3234 0
3793 0
10183 0
3240 0
3243 3
6161 3
7093 3
9244 3
3613 3
6684 3
7464 3
6873 3
8779 3
6736 3
6774 3
6521 3
6786 3
7555 3
7045 3
9352 3
8585 3
6285 3
6306 3
8873 3
9141 3
7358 3
8650 3
9478 3
9194 3
9708 3
3247 3
7121 3
7020 3
7015 3
9189 3
4866 0
5268 0
4952 0
7834 0
7679 0
3259 3
6742 3
3459 3
6647 3
9227 3
9919 3
3543 3
8950 3
3509 3
4095 3
8891 3
9792 3
6411 3
3942 3
8909 3
9029 3
8735 3
9313 3
6695 3
7082 3
8814 3
6256 3
9791 3
3599 3
3266 3
4338 3
9066 3
4121 3
3269 3
7071 3
5130 0
8026 0
9418 3
9647 3
3281 3
4353 3
4384 3
9507 3
4134 3
9771 3
9277 3
3907 3
9801 3
7002 3
9566 3
6239 3
7272 3
6506 3
3955 3
6462 3
7401 3
6538 3
7318 3
8700 3
7239 3
9902 3
6344 3
9469 3
3295 3
6625 3
8694 3
9897 3
6572 3
3436 3
6675 3
6455 3
3291 3
4550 0
7129 0
6689 0
8552 0
7531 0
3389 3
3297 3
4510 3
3703 3
3302 3
3303 3
7011 3
9668 3
9027 3
6488 3
6180 3
3312 3
3315 3
8992 3
6923 3
9325 3
3324 3
3335 3
4916 2
3340 4
10641 4
3344 3
3460 3
8494 3
7536 3
7187 3
3346 0
10453 0
3352 4
3366 3
3367 3
3368 4
9076 3
6668 3
6302 3
3385 3
8213 3
4131 3
8745 3
3916 3
3390 3
3391 0
3397 3
4391 3
3505 3
10297 3
9445 3
8503 3
3414 3
9192 3
7043 3
8458 3
4008 3
3419 3
3420 3
3421 3
3424 3
3646 3
6410 3
6423 3
8522 3
8526 3
9617 3
8553 3
3479 3
6814 3
8625 3
4354 3
9177 3
9383 3
9455 3
8434 3
9024 3
3437 3
9772 3
3645 3
8867 3
3446 3
6113 3
6743 3
9020 3
6613 3
6624 3
9310 3
6799 3
9438 3
8578 3
3464 3
3466 3
7171 3
9271 3
4579 3
9073 3
9102 3
3476 3
4375 3
3485 3
3486 3
3488 3
9747 3
4070 3
8720 3
4130 3
6599 3
9812 3
7098 3
7273 3
6250 3
6262 3
8837 3
6278 3
8474 3
9398 3
6845 3
8894 3
6372 3
6385 3
4340 3
9466 3
6615 3
8460 3
6457 3
9535 3
3954 3
4482 3
8428 3
4361 3
9630 3
6971 3
6602 3
8651 3
7466 3
4602 3
6628 3
6117 3
4080 3
9206 3
6777 3
3517 3
3524 3
3643 3
6406 3
9631 3
9815 3
9836 3
4031 3
9446 3
9171 3
9723 3
4036 3
9156 3
6627 3
7332 3
9923 3
3873 3
8644 3
4753 0
3570 3
5152 0
7751 3
5240 3
3722 0
4241 3
4757 3
6294 3
7837 0
6305 3
6824 3
9410 3
10017 3
4809 3
7383 3
7631 0
9255 3
3823 2
5875 3
4222 3
5882 3
4493 3
10021 3
7903 0
3900 3
6370 3
8043 0
10104 3
9280 3
5506 3
10127 3
10152 0
4009 3
8118 0
6087 3
5579 3
6096 0
8145 3
4592 3
10314 3
6142 3
5033 3
3575 3
5635 3
6973 3
8320 0
10342 0
6232 3
7017 3
8375 0
6781 3
10644 0
4370 3
8818 3
5807 3
9417 3
9929 0
5324 0
4316 3
9448 3
8939 3
10000 3
10061 0
3948 3
3953 3
7548 3
5520 3
6574 3
9903 3
6109 3
8813 3
5102 0
6843 3
7069 3
10332 3
7218 3
3583 3
9811 3
8744 3
3585 3
3602 3
3605 3
9739 3
3861 3
7448 3
7073 3
3878 3
4135 3
8493 3
6951 3
6206 3
6215 3
7247 3
3921 3
9832 3
8999 3
9085 3
9086 3
3967 3
8864 3
3936 3
6820 3
6510 3
6435 3
7338 3
7094 3
6553 3
3614 3
6153 3
7203 3
9289 3
7277 3
9327 3
9833 3
9403 3
3625 3
9093 3
3628 3
4096 3
7433 3
9693 3
6164 3
8900 3
6653 3
8580 3
6141 3
3651 3
3654 3
3662 3
3664 3
5652 3
3685 0
3731 0
9952 0
7877 0
3689 2
10464 0
8195 0
10468 0
10551 0
8378 0
7771 0
7804 0
7628 0
7704 0
5187 0
7773 0
8158 0
10539 0
3692 0
5232 0
10461 0
7902 0
10050 0
5056 0
10179 0
5347 0
10234 2
3697 2
8387 0
10504 0
10370 0
7887 0
10586 0
7658 0
8104 0
10605 0
8181 0
10490 0
3706 0
3707 2
5228 2
7614 0
7655 0
10325 0
3713 0
4969 0
9943 0
3714 3
7718 0
7986 0
3721 0
10338 0
8175 0
3729 0
7673 0
3786 0
8061 0
4670 0
7951 0
7950 0
7830 0
10521 0
10664 0
10289 0
10292 0
10187 0
5337 0
5084 2
10434 2
4934 2
5140 2
4719 2
4692 0
4780 0
7998 0
3747 0
8139 0
4993 0
8009 0
4908 0
7797 0
3749 1
8113 0
7684 0
10570 0
8090 0
4763 0
4833 0
7656 0
5180 0
5305 0
3754 0
5262 0
5020 0
3758 0
8322 2
5253 2
7984 2
5202 2
8211 2
6480 2
4826 2
3761 0
3762 0
7915 0
3764 0
3765 0
5361 0
7734 0
10627 0
10617 0
10647 0
8088 0
8121 0
3773 0
10514 0
10259 2
8283 0
7803 0
4839 0
10148 0
8288 0
7630 0
4889 2
10526 2
7925 2
10019 0
4773 0
10126 0
8275 0
9336 0
9981 0
3784 2
10425 2
10043 2
8334 2
7647 2
3785 0
5300 0
3787 0
7868 0
10249 0
10141 0
5216 0
3789 0
8352 0
7624 0
3790 0
3791 3
7640 0
8244 0
10268 0
4948 2
5072 0
5190 0
5333 0
10113 0
3799 2
10564 2
10198 0
10171 0
3805 0
4616 0
3808 0
10495 0
4906 0
4725 0
8327 0
7709 0
7770 0
7961 0
7664 2
4669 2
3816 0
10458 2
7596 2
3824 0
4635 0
3820 2
3821 2
10014 2
3825 0
5241 0
3828 2
4736 0
7767 0
8302 0
3838 0
10112 0
8110 0
3841 0
4708 0
10037 0
5076 0
3848 0
3853 0
7269 3
6282 3
8652 3
4803 3
3944 3
9738 3
7471 3
6999 3
6402 3
9468 3
9108 3
6780 3
7090 3
3898 3
6257 3
8996 3
3906 3
3908 3
4102 3
4433 3
10281 3
6253 3
9587 3
8566 3
6346 3
8453 3
8464 3
6436 3
8584 3
8521 3
4438 3
6498 3
10609 3
6542 3
8592 3
8642 3
6620 3
4573 3
8679 3
6641 3
8690 3
6661 3
8718 3
8406 3
6691 3
8740 3
8763 3
8806 3
6773 3
8859 3
9328 3
8919 3
4562 3
8956 3
8963 3
8993 3
7039 3
7078 3
7079 3
7092 3
7113 3
7398 3
9209 3
9232 3
9252 3
9266 3
9286 3
7246 3
7253 3
9335 3
9341 3
7320 3
7365 3
7410 3
9463 3
8404 3
9498 3
9510 3
9519 3
9526 3
9097 3
7442 3
9569 3
9575 3
9578 3
6376 3
9611 3
9622 3
9696 3
8444 3
9707 3
7426 3
9760 3
9774 3
9788 3
9817 3
9848 3
9857 3
9875 3
9877 3
9901 3
7462 3
7997 3
4409 3
7140 3
9538 3
3989 3
4061 3
4023 3
6508 3
6222 3
3918 4
3920 3
3927 0
8571 3
8752 3
7315 3
6172 3
3945 3
3946 3
3964 3
8435 3
8926 3
3986 3
8395 4
6507 4
10667 0
5260 0
10256 0
5326 0
10022 0
5309 0
9618 3
7077 3
4032 3
8841 3
9372 3
8803 3
6326 3
8400 3
7188 3
8548 3
4382 3
4454 3
6567 3
9323 3
7452 3
6834 3
9075 3
7164 3
4064 3
4071 0
5257 3
6562 3
4092 3
6746 3
4589 3
4117 3
4123 3
9345 3
6664 3
4141 3
6244 3
10340 0
5780 3
4242 3
5452 3
6099 3
6103 3
5838 3
5593 3
5733 3
5856 3
5860 3
5417 3
5391 3
5394 3
4227 3
5921 3
5412 3
5413 3
5416 3
5673 3
4231 3
4160 3
4161 3
5453 3
5718 3
4210 3
5491 3
5519 3
6012 3
4226 3
4228 3
4229 3
4230 3
5538 3
5540 3
4281 3
5565 3
5601 3
5880 3
5881 3
5370 3
4162 3
5537 3
4164 3
4165 3
4170 3
5632 3
5640 3
5464 3
4293 3
4185 3
6690 3
5466 3
4306 3
4199 3
4203 3
4204 3
4287 3
4206 3
6101 3
5566 3
5585 3
5557 3
5482 3
4238 3
5717 3
5978 1
5700 1
5536 3
4236 0
5809 3
5421 3
5846 3
5400 3
5589 3
4319 3
5378 0
4250 3
5847 3
5753 1
5711 1
4262 1
4265 3
4271 3
4282 3
4322 3
6041 3
4290 3
5636 3
4307 3
4313 3
4314 3
5456 3
4318 3
4320 3
5670 3
4330 3
4339 3
8850 3
6535 3
4345 3
8985 3
8928 3
4553 3
8599 3
4403 3
7558 3
9375 3
9711 0
7537 3
6941 3
6926 3
8889 3
4446 3
6985 3
9116 3
4458 3
6408 3
8399 3
4488 3
7000 3
6328 3
6614 3
6137 3
10382 0
8480 3
6429 3
9324 3
4506 3
4509 3
6922 3
6241 3
6671 3
8673 3
6288 3
8429 3
8978 3
6937 3
9113 3
6751 3
8064 0
7856 0
8624 0
5243 0
4618 0
4620 0
7783 0
10573 0
4740 0
10103 0
9982 0
10102 0
4627 0
8385 0
4629 0
4630 0
7097 0
4631 0
7680 0
7845 0
8038 0
4834 2
4638 2
4813 0
4648 0
8095 2
4747 0
8197 0
5129 0
10062 0
7993 0
9948 0
10333 0
8374 0
9956 0
4710 0
4842 0
8250 0
4657 2
4658 0
8267 0
4662 0
10363 0
8167 0
5007 0
4681 0
4927 0
8246 0
4687 2
4688 0
4689 0
5239 0
8202 0
5142 0
7899 0
10280 0
5178 0
5185 0
10423 0
8268 0
8373 0
10083 0
10580 0
8036 0
10350 0
8329 0
7749 0
7817 0
8188 0
8083 0
8097 0
10413 0
10660 0
10575 0
10339 0
4771 0
4859 0
8323 0
10494 0
5119 0
10143 0
4697 0
4698 0
10614 0
10567 0
8138 0
4701 0
4702 0
4703 0
4704 0
5052 0
4709 3
4712 0
10640 0
7788 0
10518 0
5174 0
10078 0
10559 0
8004 0
8273 0
8192 2
4997 2
5006 2
7695 2
4752 2
10257 2
4883 2
7964 2
8224 2
5040 2
8291 2
7895 2
7866 2
7593 2
7947 2
7876 2
7878 2
5070 2
4985 2
7765 2
10319 2
7646 2
10595 2
5009 2
4875 2
4970 2
7635 2
4729 2
5335 0
5341 0
4731 0
4733 0
4739 0
7723 0
4741 0
10354 0
4814 0
10541 2
5169 2
4751 2
8358 0
8044 0
10643 0
4759 0
8005 0
4761 0
8276 2
10364 0
4764 0
10309 0
4767 0
7786 0
4794 0
4769 2
7904 2
7616 0
4778 2
5063 0
9994 0
5682 0
8149 0
4783 2
8282 2
4787 0
7922 0
10326 0
8263 0
10399 0
10094 0
8065 0
8034 0
10385 0
10497 0
4990 0
8389 0
10513 0
8137 0
5295 0
8164 0
4800 2
10313 0
4807 2
7943 2
4810 0
5106 0
4816 0
4817 0
8364 0
10487 0
7873 2
10561 2
4904 2
8109 2
10031 2
8337 2
7772 2
10545 0
8085 0
10544 0
4823 2
5269 2
8340 0
10223 0
4830 0
4831 0
4835 0
10444 2
7589 0
7671 0
5281 0
5098 0
5181 0
5290 0
7974 0
4840 0
4841 2
10245 0
10460 0
5011 0
5255 0
8248 0
10034 2
9962 0
8048 0
5275 0
4959 0
4861 0
4862 2
4863 0
4865 0
10565 0
7973 0
5329 0
9995 0
5117 0
10065 0
8272 0
9360 2
10254 2
4890 0
7621 0
8123 0
7760 3
10524 3
5085 3
8208 3
10214 0
7657 0
10599 3
7725 3
7859 3
10298 3
9979 3
4986 3
10562 0
7818 0
4903 2
4905 0
5195 2
7959 0
4938 0
10064 0
5066 0
8080 0
7571 0
10004 0
8154 0
9934 0
5109 0
10072 0
8028 0
10574 0
4964 0
4967 0
10592 0
10049 2
7730 2
10486 2
8008 2
5233 0
7967 0
4981 0
10528 0
8298 0
8203 0
7890 0
7576 0
7869 0
4984 0
7906 0
5094 0
8343 0
10531 0
5054 0
5107 0
10620 0
10493 0
10184 2
10108 2
7681 0
10424 0
10299 0
8325 0
10088 0
7688 0
5167 0
5013 2
5014 0
5356 2
10626 0
5284 0
10476 0
7790 0
8119 0
7761 0
7784 0
5212 0
10273 2
8020 0
7932 0
5032 0
5317 0
8144 0
8163 0
8132 0
10446 0
5368 0
5121 0
7991 0
5318 0
7931 0
8041 0
7981 0
5343 0
5064 0
5073 0
5078 0
10076 0
7970 0
8271 0
8018 0
5101 0
5131 0
5105 0
8101 0
5170 0
5116 0
5122 0
10578 0
7891 0
10398 0
10662 0
8007 0
10418 0
7612 0
5128 0
10629 0
10369 0
5136 2
10058 0
10085 0
5226 0
10348 0
8342 0
8845 0
7822 0
10386 0
10522 0
7864 0
10024 0
10467 0
5149 0
5148 0
5150 0
5160 0
5161 0
7731 2
5319 3
10295 3
10006 0
7954 0
5248 0
7661 0
5229 0
5188 0
5191 0
10294 0
7806 0
10388 0
8133 0
8168 0
7562 0
10285 0
5207 0
10527 0
5214 0
5215 0
5218 0
8000 0
10201 0
5244 2
8229 0
10077 0
8206 0
7776 0
8349 0
10400 0
10405 0
7871 0
9933 0
10456 0
9946 0
10301 0
9963 0
5360 0
7933 0
6275 0
7978 0
10205 0
7992 0
10587 0
10591 0
10344 0
7566 0
7919 0
10233 0
7930 0
8098 0
10600 0
7858 0
7591 0
8153 0
5306 0
7597 0
5264 0
5272 0
5280 0
10365 0
7897 0
9955 0
10451 2
5289 2
7936 0
10615 3
8377 0
10012 0
10517 0
10406 0
10265 0
10253 0
8230 0
10168 0
8126 0
8002 0
7901 0
7916 0
10496 0
10304 0
10637 0
10519 0
10404 0
7732 0
10169 0
10433 0
9997 0
10105 0
10473 0
7670 0
8130 0
10642 0
10359 0
8010 0
7844 0
5958 3
6097 3
5380 3
5395 3
5689 1
5409 1
5824 1
6067 1
5912 1
6005 3
6059 1
5708 1
5979 1
5827 1
5703 1
5969 1
5651 1
5910 1
5657 1
5660 1
5603 1
5608 1
5743 1
5649 1
5691 1
5821 1
5692 1
5599 3
5444 3
6028 3
5454 3
6044 3
5481 3
7061 3
5487 3
5489 3
5499 3
5502 3
5678 3
5960 1
5612 1
6062 1
5913 1
5542 1
5818 1
5766 3
6027 3
6029 3
6074 1
5583 3
6055 1
5771 3
5885 3
5624 3
5665 3
5668 3
6037 3
6104 3
5990 3
5732 3
5735 3
6064 1
5915 1
5967 1
5768 3
5773 3
5786 3
5787 3
5790 3
5792 3
5795 3
6035 3
5864 3
5948 3
5904 1
5971 1
6078 1
6021 3
5840 3
5922 3
7380 3
5871 3
10441 0
5946 3
6093 3
6084 3
5991 3
5997 3
6001 3
6033 3
6011 0
6018 3
6165 3
7456 3
9907 3
6884 3
6247 3
7339 3
8484 3
7450 3
6334 3
6261 3
7446 0
8331 3
9059 3
10269 0
8809 3
8171 0
9713 3
6281 3
6293 3
6415 3
8761 3
7130 3
8675 3
6322 3
9452 3
6332 3
8876 3
6378 3
9065 3
6719 3
9585 3
10448 3
10422 3
7535 3
6450 0
8717 3
6618 3
6473 3
6482 3
9314 3
7135 3
6806 3
9472 3
8626 3
8969 3
9364 3
8588 3
9646 3
6839 3
9362 3
8781 3
9866 3
6900 3
8524 3
8058 3
8773 3
7860 3
9276 3
9050 3
9334 3
9606 3
8982 3
8501 3
6988 3
7037 3
9805 3
6902 3
7207 3
6957 3
10320 0
6623 3
6633 3
6638 3
8390 0
8100 0
9937 0
10450 0
10035 0
8937 3
8461 3
7012 3
7286 3
6914 3
6787 3
8771 3
9045 3
6818 3
10093 0
7438 3
8733 3
7136 3
6910 3
7447 3
8949 3
6991 3
7001 2
7027 3
9207 3
7087 3
9883 3
8760 3
10623 0
7275 3
9377 3
9873 3
9925 3
9219 3
8033 0
10040 0
9950 0
7570 2
10572 2
10013 0
8259 0
7733 0
7912 0
7577 0
10619 0
7948 0
10558 0
10510 0
7999 0
10498 0
10449 0
10556 0
8295 0
8032 0
7758 0
10639 0
8280 0
10130 0
8308 0
8262 0
8042 0
10125 0
9998 0
7683 0
10393 0
9930 0
9958 0
10300 0
10302 0
7752 0
7753 0
10279 2
10235 0
7779 0
10374 0
10226 0
10195 0
8264 0
8125 0
7829 2
10508 0
10120 0
7848 0
7982 0
8050 0
10479 0
10079 0
7882 0
8205 0
8319 0
7914 0
7921 0
8304 0
10439 0
7927 0
10224 0
9983 0
8001 0
8214 0
10219 0
10654 0
7949 0
10392 0
7988 3
10552 3
10576 0
10323 0
10391 0
8305 0
8279 0
10212 0
8391 2
10170 2
10515 0
10241 0
8215 2
8218 0
10036 0
10306 2
10140 2
9970 0
8301 0
10240 0
10345 0
10550 0
10548 0
10403 0
8266 0
8269 0
10507 0
8318 0
10368 0
9781 0
10585 0
8355 0
8371 0
10159 0
9326 3
9259 3
9582 3
8518 3
9240 3
8641 3
10211 3
9978 3
8948 3
9922 3
9287 3
9862 3
8852 3
9525 3
9018 3
8953 3
9947 0
10160 0
9041 3
9048 3
10500 0
10358 0
9168 3
9265 3
9228 3
9242 3
9971 0
10462 0
10227 0
9496 3
9524 3
9581 3
10135 3
10376 0
10645 2
10124 0
10145 2
10611 0
10220 0
10470 2
10311 0
10412 3
10459 0
10471 0
10633 0
10656 1
10658 1
10659 1
10661 1
10663 1
